1.303799999999998738e+00,8.566999999999919124e-01,1.517100000000012994e+00,8.816999999999971527e-01,2.465999999999996251e-01,-9.409999999999976716e-02,-3.912000000000014355e-01
1.296151328800573932e+00,8.639525121098300398e-01,1.511286331149661821e+00,8.760249974129209471e-01,2.526734073615594656e-01,-9.608718252050087172e-02,-3.835060964225383007e-01
1.292811626000025305e+00,8.671963121136986308e-01,1.513796155935279941e+00,8.701214065408209297e-01,2.561801946463670987e-01,-9.432355982100218417e-02,-3.792986762026570591e-01
1.288721858374830109e+00,8.634748410188746170e-01,1.514978568263165126e+00,8.683950327989694573e-01,2.489312722567369185e-01,-9.032617990913414940e-02,-3.774472425131678577e-01
1.285810122254877452e+00,8.722220450185128593e-01,1.513266054747246736e+00,8.782099792787498860e-01,2.529871628042767995e-01,-9.050771648160201022e-02,-3.776657711676510987e-01
1.276773743787990245e+00,8.716291465356110768e-01,1.511531258627617058e+00,8.780269140637717573e-01,2.583131853880492046e-01,-8.459682475193473772e-02,-3.760897296757675923e-01
1.279631869637141151e+00,8.730824444352979219e-01,1.501062631158650351e+00,8.798862623139422912e-01,2.545465097096820117e-01,-8.711286159269099327e-02,-3.741226736573798894e-01
1.280542600379984242e+00,8.819097808563847174e-01,1.502747492337549673e+00,8.797611446881191677e-01,2.557085506521676321e-01,-9.195678726522230062e-02,-3.725031966682703088e-01
1.291681070026885036e+00,8.732236602666001435e-01,1.510371313677239424e+00,8.777617782617200826e-01,2.504291358280844593e-01,-9.349011320690978066e-02,-3.803451411681283423e-01
1.293911815226785667e+00,8.668288679289872789e-01,1.506237305625022893e+00,8.775212705563293358e-01,2.533196228369213876e-01,-8.778626964036989611e-02,-3.796651137756784089e-01
1.296328670595268795e+00,8.739788085852432387e-01,1.507705437437683482e+00,8.791047679107115709e-01,2.451207684240001849e-01,-9.005898285759189603e-02,-3.818382051164130875e-01
1.295060435004855792e+00,8.683529355066177402e-01,1.510996360556488227e+00,8.779676727583100027e-01,2.482810513958215171e-01,-8.811614244752476177e-02,-3.825683079989318225e-01
1.291787540617316266e+00,8.651997173779440997e-01,1.516064794840525476e+00,8.794219757585125530e-01,2.458680036499846511e-01,-8.666311684667434012e-02,-3.805661379142069034e-01
1.294819133672779010e+00,8.651655700734200982e-01,1.520019071313017722e+00,8.826047944449597615e-01,2.403983328182248136e-01,-8.435063227677082331e-02,-3.771989701520796490e-01
1.295782250691933424e+00,8.557315074069644645e-01,1.521309967726770296e+00,8.809513505638481012e-01,2.355623309915722274e-01,-8.773366375659558125e-02,-3.839388990618687325e-01
1.302642535633284027e+00,8.543688549469181659e-01,1.514415507651403203e+00,8.823438136558253708e-01,2.367057059899254634e-01,-9.058983830370663515e-02,-3.789317036182260345e-01
1.310865030459266611e+00,8.550029954031480584e-01,1.511633290647172556e+00,8.814797411108983294e-01,2.334492682686102050e-01,-8.840628769929330388e-02,-3.829531475910366578e-01
1.319802993268966551e+00,8.451439745724037556e-01,1.514813316782521513e+00,8.821962149874996717e-01,2.280993621947331462e-01,-8.788950449167981516e-02,-3.854427756866065646e-01
1.328339619810667394e+00,8.433031441138898465e-01,1.517693064830163197e+00,8.825981697863268804e-01,2.217700068956199311e-01,-8.636566745659393640e-02,-3.875304729103886126e-01
1.334810079618341527e+00,8.434668495775433650e-01,1.514623787175963132e+00,8.857836249119215299e-01,2.101448414156077971e-01,-8.678097336017390195e-02,-3.870785559050308189e-01
1.339645399764366029e+00,8.483867260034719804e-01,1.521965433432883597e+00,8.859252909340165072e-01,2.084724496023919460e-01,-7.997686618258073588e-02,-3.890536927200931583e-01
1.340570600505736953e+00,8.465349757285812737e-01,1.522635909305166457e+00,8.861048567078325666e-01,2.061215482925937426e-01,-8.241414927562097648e-02,-3.895577548175238047e-01
1.340585886175657881e+00,8.407087774366600597e-01,1.521260956151757160e+00,8.851042020553979706e-01,2.047133643135559400e-01,-8.415095619191678700e-02,-3.916823170984127245e-01
1.348475857322226412e+00,8.343235528937124057e-01,1.525459884561787050e+00,8.858902863779757331e-01,2.008722378616093762e-01,-8.203162849163453396e-02,-3.932142948606514032e-01
1.349301570938727046e+00,8.250389906920915228e-01,1.526407705873895404e+00,8.877154234971312841e-01,1.925454934085405467e-01,-8.691680512907615230e-02,-3.923937545169025043e-01
1.355322538810755484e+00,8.270495147998806473e-01,1.528228237898020758e+00,8.872407843572076569e-01,1.897745222875107107e-01,-8.736369560928373967e-02,-3.940546178092457774e-01
1.358765136444190613e+00,8.212206165585315132e-01,1.530368610850429301e+00,8.873165114462699954e-01,1.880656720160465700e-01,-8.413045892599516073e-02,-3.952561333966098100e-01
1.368134106953426743e+00,8.169314206704051395e-01,1.538790218729737092e+00,8.877532821313397493e-01,1.821002191246057500e-01,-8.372442088737452881e-02,-3.963108626435044024e-01
1.370759974409235138e+00,8.070622658212746048e-01,1.543013846996815319e+00,8.886600038774209454e-01,1.728286889007291660e-01,-8.459143764174796576e-02,-3.995609913711464789e-01
1.377012545248199826e+00,8.025285151246425164e-01,1.546238903022287170e+00,8.899439321817724791e-01,1.704667446458461022e-01,-8.966691679554510130e-02,-3.976305617889389632e-01
1.380677588744771755e+00,7.997885630897563214e-01,1.547338470871440608e+00,8.905638122993949635e-01,1.643147437326020754e-01,-8.551238738384431270e-02,-3.982855371273205103e-01
1.379222249263207356e+00,7.925584492728350305e-01,1.551133971990102056e+00,8.887520313766863467e-01,1.620421432407943285e-01,-8.690821904771058037e-02,-4.032067124531595326e-01
1.381400836988792236e+00,7.863668707406665792e-01,1.548953790031248889e+00,8.881453535110734876e-01,1.543766725945595608e-01,-8.440213337153038009e-02,-4.090480454797977838e-01
1.382511434896112501e+00,7.909901293520825716e-01,1.545774375502153353e+00,8.857580662712699615e-01,1.532573589328040109e-01,-8.696635255547212340e-02,-4.138645051084830495e-01
1.390231729956287188e+00,7.868627601355135948e-01,1.548981951116157108e+00,8.832009332294672443e-01,1.509821818353745959e-01,-9.074983441014933261e-02,-4.204000342086606223e-01
1.395792841423374453e+00,7.827578998886034478e-01,1.549388716833770774e+00,8.814264449326716377e-01,1.541395961772285828e-01,-9.214334520300559994e-02,-4.210154769105868278e-01
1.401371517739711026e+00,7.726349452011265218e-01,1.547983493380048481e+00,8.785073823875221288e-01,1.513525263258937714e-01,-9.245487223914145014e-02,-4.278062925659852356e-01
1.408863011710021151e+00,7.578900621021814610e-01,1.550759425529210533e+00,8.768567454669631278e-01,1.539436940113626529e-01,-9.408555292314728369e-02,-4.304545160439119389e-01
1.406151725579338096e+00,7.459000370483811482e-01,1.556950857370375862e+00,8.756786077753758724e-01,1.502662158323816999e-01,-9.255150168886717987e-02,-4.342804122704704839e-01
1.402013105001404636e+00,7.366359860024336292e-01,1.567237931298062659e+00,8.742678151178452373e-01,1.469962644835156873e-01,-9.638037494930606908e-02,-4.365621451354083637e-01
1.403618288620857690e+00,7.389519538475011196e-01,1.565286281214539388e+00,8.756838963681071730e-01,1.535712739536267135e-01,-9.852105852949137599e-02,-4.322620960280671998e-01
1.399676226095833753e+00,7.284272851058671838e-01,1.563061966894890853e+00,8.756009635070436392e-01,1.552539744977002867e-01,-9.623586469111576613e-02,-4.326244540562189100e-01
1.398509476011966735e+00,7.252398933257486746e-01,1.564579362589157308e+00,8.730061319308003442e-01,1.592503768166004807e-01,-9.714862593970988169e-02,-4.354980089068263283e-01
1.395467529971572862e+00,7.223663464740985862e-01,1.568467986439670225e+00,8.712607669833948298e-01,1.599639813912462905e-01,-9.721081266851820668e-02,-4.373418724254076184e-01
1.394730245671678581e+00,7.109212517328731273e-01,1.563417639567526329e+00,8.688011736086346248e-01,1.619189587255690232e-01,-9.643944703082621417e-02,-4.424438224574174794e-01
1.396851394884528696e+00,7.027654971495308489e-01,1.566661557862531140e+00,8.690821595603757110e-01,1.646677293327476477e-01,-9.542441871322419888e-02,-4.411963607871630666e-01
1.395485093976858826e+00,6.968190599558861109e-01,1.573661640574525844e+00,8.677465853179414657e-01,1.665804169454134231e-01,-1.011621879826040543e-01,-4.416788993896114124e-01
1.400204330634607475e+00,6.770175015282136055e-01,1.576250808856576313e+00,8.655826320683266406e-01,1.745240888279328828e-01,-1.016430546403569030e-01,-4.438737891459498819e-01
1.400042633123751212e+00,6.678483046492632580e-01,1.569159576152587832e+00,8.603954753637618191e-01,1.772031281913780676e-01,-1.070554216298677530e-01,-4.502973961870796460e-01
1.394168539973388743e+00,6.641157425743545728e-01,1.572744731864684775e+00,8.578354728969134202e-01,1.781253316080481097e-01,-1.123146027840248862e-01,-4.538429573229190717e-01
1.404208055015057521e+00,6.607591111308456222e-01,1.571984783579600808e+00,8.580304306120285496e-01,1.804011863346278721e-01,-1.165231075939311828e-01,-4.518830939860032925e-01
1.409559823474310969e+00,6.569221024197554604e-01,1.574422704833069009e+00,8.565285511511311345e-01,1.838012600807146790e-01,-1.195298587003624513e-01,-4.530945997147877713e-01
1.410730392722209459e+00,6.507445647200030825e-01,1.577861298474851681e+00,8.593077277997914765e-01,1.794126855744135052e-01,-1.205038134177583570e-01,-4.482740191704947530e-01
1.409133856031334009e+00,6.464063045740902069e-01,1.578625435626161755e+00,8.579529292857731582e-01,1.856279931180608855e-01,-1.252903038780636136e-01,-4.474906883892807996e-01
1.398188141150835451e+00,6.444348985461442192e-01,1.573552271225590049e+00,8.571272084728521756e-01,1.906484159556002811e-01,-1.232817411950803688e-01,-4.477230945369761184e-01
1.394853615505317945e+00,6.442127217982509535e-01,1.567103881290306866e+00,8.590736573080761662e-01,1.914225502063128803e-01,-1.194274239245413510e-01,-4.456620427137968354e-01
1.393212858207805604e+00,6.520255491509227008e-01,1.573279335131491985e+00,8.558238421803306961e-01,1.974263087435039199e-01,-1.241379135414480417e-01,-4.467051627023426175e-01
1.387082713069034412e+00,6.492253311978789521e-01,1.570583534748265953e+00,8.541270578882661502e-01,2.005945595280087257e-01,-1.255161746630875930e-01,-4.481431109170637139e-01
1.388329950161569570e+00,6.491577279364023623e-01,1.571197832468030464e+00,8.517860300606503454e-01,2.021354264045045479e-01,-1.347563226619891974e-01,-4.492260765072492168e-01
1.384983828804188688e+00,6.438071854934417360e-01,1.572915110699590224e+00,8.532355312834243311e-01,2.062996035366243541e-01,-1.346432407441833512e-01,-4.450437796632930598e-01
1.387785240729046299e+00,6.432765184317403850e-01,1.572335809282450869e+00,8.535426415670893663e-01,2.110183275159460692e-01,-1.326916937304897792e-01,-4.417163218908656819e-01
1.379427068624702102e+00,6.413208014841651483e-01,1.575465116850370162e+00,8.517633170528476905e-01,2.121408754447029754e-01,-1.384714081759472193e-01,-4.433167422644336830e-01
1.384229486549130472e+00,6.284101081191707516e-01,1.579296867359889944e+00,8.510476796270726174e-01,2.149968898111629945e-01,-1.426277037694027305e-01,-4.421015678484586653e-01
1.387849101962265408e+00,6.273261869673800728e-01,1.577245771953180054e+00,8.480403439777688401e-01,2.172557664490993579e-01,-1.474747460059009085e-01,-4.463433552700343809e-01
1.381076633562271061e+00,6.243506629784887352e-01,1.575369889626373698e+00,8.477159510013103638e-01,2.204871328513903772e-01,-1.485086038521233054e-01,-4.432500866506455806e-01
1.383384484298553208e+00,6.206189800688104441e-01,1.571187836305543595e+00,8.491582652115345908e-01,2.220426510815332322e-01,-1.469969617101350712e-01,-4.406498529891475502e-01
1.381408867364914528e+00,6.207384012429302267e-01,1.569925663865393339e+00,8.486046024221147732e-01,2.286355937944735683e-01,-1.467840234482775119e-01,-4.390606268191749040e-01
1.374464850866373045e+00,6.097414245810066635e-01,1.568832561193239883e+00,8.445832316297763320e-01,2.340438861044227548e-01,-1.516169753351205296e-01,-4.422880848058353132e-01
1.372677001135292896e+00,6.019316897288952140e-01,1.568577786297897569e+00,8.434551583902479832e-01,2.405903562711625143e-01,-1.533046772560543447e-01,-4.387049216142469565e-01
1.366682885164149708e+00,6.067800827308295064e-01,1.575336034182363676e+00,8.414709733921347246e-01,2.464150608061815295e-01,-1.574140949830185598e-01,-4.380640280570766709e-01
1.370455889270993266e+00,5.979011465138238668e-01,1.579646927260113243e+00,8.442063272219783032e-01,2.497278922786821398e-01,-1.551060923929109270e-01,-4.340041751993076180e-01
1.362095348298739683e+00,5.879359378854914775e-01,1.584929351958691779e+00,8.399950609482330632e-01,2.557759574114187306e-01,-1.589176795353238469e-01,-4.350334558750402203e-01
1.361798503435284857e+00,5.811179374726573865e-01,1.580559496019046772e+00,8.418165861833144525e-01,2.614529099909672083e-01,-1.631044144788530714e-01,-4.278823528721824587e-01
1.359988019453638231e+00,5.772342802110803639e-01,1.580324781114190946e+00,8.398096899540072879e-01,2.630834280977342177e-01,-1.714168496798193220e-01,-4.274130896183311878e-01
1.359331636896425666e+00,5.770989896294778099e-01,1.578043510449218756e+00,8.387952423286216819e-01,2.683732431620988179e-01,-1.711426604570054633e-01,-4.266658577007634845e-01
1.351988099101046004e+00,5.754931787936452547e-01,1.579849149123479179e+00,8.376535710310663019e-01,2.694951477986317068e-01,-1.759542841294075011e-01,-4.260970698547102420e-01
1.348032172834091380e+00,5.782154083384137833e-01,1.581931774485706654e+00,8.380082201779736062e-01,2.719927378057567791e-01,-1.765214182005332422e-01,-4.231070099689883124e-01
1.337471401837338147e+00,5.727276389348319174e-01,1.584540035607699515e+00,8.336683205484172188e-01,2.772955659583123955e-01,-1.832462728506764615e-01,-4.263274231966544536e-01
1.333895553101071219e+00,5.739476121689933708e-01,1.587066763557111626e+00,8.292067996740049018e-01,2.881749393476743526e-01,-1.803043701965711398e-01,-4.285765016410224559e-01
1.325625378284818190e+00,5.683695610862866676e-01,1.589960676272350382e+00,8.299607411165962345e-01,2.941834637795714968e-01,-1.791083556234448482e-01,-4.233926403817304118e-01
1.319989928030811610e+00,5.557029948737250979e-01,1.594962534560045109e+00,8.304532004099344222e-01,2.959988652057651271e-01,-1.817015136699490219e-01,-4.212205908757875594e-01
1.316297001017931789e+00,5.513710228640139599e-01,1.594648515744930162e+00,8.246679274512949132e-01,3.035015716827068055e-01,-1.847582472489404104e-01,-4.248278226408949698e-01
1.311941747748428089e+00,5.489011321880939986e-01,1.599491343841881630e+00,8.203100364706255032e-01,3.096107989725408460e-01,-1.913506214716057530e-01,-4.256648890629715631e-01
1.321680597779042898e+00,5.479848324445085739e-01,1.591138918465047958e+00,8.179038339558724058e-01,3.114124758991625441e-01,-1.974367478730151837e-01,-4.266334191207434290e-01
1.318381268419672736e+00,5.350491517253768148e-01,1.589496036021368353e+00,8.162253504378196300e-01,3.148356572729924530e-01,-2.039388124515470468e-01,-4.232920315614539519e-01
1.311576138867280639e+00,5.335518770478752115e-01,1.595619399107826020e+00,8.176728243164622656e-01,3.191468304394374789e-01,-1.994178955842280387e-01,-4.201476564470700836e-01
1.304013144493269882e+00,5.402417796298967234e-01,1.594954312983276390e+00,8.162495573824661843e-01,3.248185839427566446e-01,-1.996704385878698140e-01,-4.192481869819074669e-01
1.304500660285452085e+00,5.326805465675363838e-01,1.594098013556975335e+00,8.136687307360650490e-01,3.267264413167750847e-01,-2.083696913425029384e-01,-4.173717651099795867e-01
1.306605635394836984e+00,5.352995169471038706e-01,1.597865499313482873e+00,8.067539692166133536e-01,3.349689214269971904e-01,-2.168548710771300569e-01,-4.214304371382783798e-01
1.302798683055699902e+00,5.269267955769630918e-01,1.595540815337376905e+00,8.052995247575517324e-01,3.357738073140163482e-01,-2.220970030985539023e-01,-4.202907839348501984e-01
1.296112295660389435e+00,5.243316551008131432e-01,1.591551474227834273e+00,8.044272514642389904e-01,3.367602168955736719e-01,-2.218868798047771707e-01,-4.212001147002017998e-01
1.289499323077887283e+00,5.153690012150761168e-01,1.591687834166308324e+00,8.031991456616184299e-01,3.406378572648424696e-01,-2.225900509682679496e-01,-4.205408514958889343e-01
1.287296972961348818e+00,5.121648349682473844e-01,1.589932675322883293e+00,8.007394157632612419e-01,3.435107904803226808e-01,-2.226352857327628665e-01,-4.219196008580680668e-01
1.280141408726292562e+00,5.178883457100876830e-01,1.595989638913413833e+00,7.968009364574824005e-01,3.514875367989048205e-01,-2.254562999412881297e-01,-4.214575349284336303e-01
1.283178019557765337e+00,5.206952879315229765e-01,1.595241650878247430e+00,7.926646861959134593e-01,3.563729456040014565e-01,-2.247667184640350646e-01,-4.252137855377735587e-01
1.279047402295127256e+00,5.221315715142890168e-01,1.598474498875037231e+00,7.897218549099357388e-01,3.628429161794448632e-01,-2.265253187100829124e-01,-4.249514480847710329e-01
1.267098659722234899e+00,5.268249144806383955e-01,1.595639212028548526e+00,7.886927472551517049e-01,3.632239178612587938e-01,-2.284681526535198293e-01,-4.250306444350295254e-01
1.260799644385444340e+00,5.151493282040422450e-01,1.592609379783791246e+00,7.847184428717343119e-01,3.706447023360560644e-01,-2.280093418195779376e-01,-4.272270972933226441e-01
1.256492000408243159e+00,5.163808630374926434e-01,1.591396767914184052e+00,7.828397971580447479e-01,3.766134279628516879e-01,-2.300746120102625247e-01,-4.241916136911013657e-01
1.257648846619278782e+00,5.176829827975205633e-01,1.592430678238216268e+00,7.799001690829800992e-01,3.803382615479806161e-01,-2.334219994028803868e-01,-4.231145771793197730e-01
1.255093510732233186e+00,5.166473816643678552e-01,1.596968876097245138e+00,7.777683004272611944e-01,3.866597825335110206e-01,-2.300777865501489050e-01,-4.237165651456861193e-01
1.254566859899999942e+00,5.215979903528022987e-01,1.592294632737836002e+00,7.760501220686724100e-01,3.880010197508398373e-01,-2.353915991105874350e-01,-4.227939152395713274e-01
1.245761885663390300e+00,5.154523610044425830e-01,1.592256271482152430e+00,7.756285346337736808e-01,3.905555513286004810e-01,-2.295966393736854905e-01,-4.241402074498429875e-01
1.249727886071840821e+00,5.159782019335326098e-01,1.592860254149206511e+00,7.712235414957139268e-01,3.928462480180513472e-01,-2.299938265758625089e-01,-4.300438476983064473e-01
1.246413763816911269e+00,5.097507563488978821e-01,1.594553177903543340e+00,7.640681626727302556e-01,3.957857373178925164e-01,-2.335105909629576759e-01,-4.380264696357262788e-01
1.238630885801632830e+00,5.088083578809002860e-01,1.598132587041997565e+00,7.586247707536986074e-01,3.990359147240075677e-01,-2.392376437859424776e-01,-4.419769752880078340e-01
1.246501007081127765e+00,5.077077175477998638e-01,1.597110566685174149e+00,7.536768185107607376e-01,4.059448149984828946e-01,-2.461599106535292958e-01,-4.389562309381976890e-01
1.239051635493878090e+00,5.063308667877465252e-01,1.603699661114788233e+00,7.532775260030208919e-01,4.126821463610474416e-01,-2.459490634947185395e-01,-4.341536153317433477e-01
1.235201920993741265e+00,5.041737501372796082e-01,1.598895576289595777e+00,7.542665165145042705e-01,4.171292829016183812e-01,-2.448346029446578365e-01,-4.294047424457823614e-01
1.232473351097511216e+00,4.989584777280221539e-01,1.596727735120510916e+00,7.524297646383830696e-01,4.197916222659132113e-01,-2.463034782706588210e-01,-4.283650328713581312e-01
1.232473265376066829e+00,4.960058513925024171e-01,1.598384173124013374e+00,7.464057080959569657e-01,4.295306796077884570e-01,-2.467475020693917498e-01,-4.282406471181944840e-01
1.225811509964973567e+00,5.017676263041106477e-01,1.598502527076629987e+00,7.463932518599790678e-01,4.311272554913109789e-01,-2.443061273767544728e-01,-4.292285657028513390e-01
1.228740984010600945e+00,5.033049236081980071e-01,1.596350234803372459e+00,7.447740455083403655e-01,4.329168187983377658e-01,-2.492724354215391513e-01,-4.270217474354862097e-01
1.227426469259607300e+00,5.044616598867676105e-01,1.594690348031810423e+00,7.461652666974962766e-01,4.381098553157630193e-01,-2.450294757806029955e-01,-4.229361809915719861e-01
1.225010243628936957e+00,4.964198690936675318e-01,1.596126761022636842e+00,7.422335510575750472e-01,4.409669001120629095e-01,-2.475742713842222220e-01,-4.252264523645040706e-01
1.223202170952455647e+00,4.936659097164828869e-01,1.600628461233980504e+00,7.382930365482238688e-01,4.394196598003211052e-01,-2.473789050999418426e-01,-4.331419093847895252e-01
1.223268206276414638e+00,4.923455819758391083e-01,1.598633929955898036e+00,7.325578407601317510e-01,4.454797974842860109e-01,-2.503271617614663547e-01,-4.347015740214127955e-01
1.227933625342403579e+00,4.859349781821259984e-01,1.589192299138737496e+00,7.259924665830562729e-01,4.519733660270630060e-01,-2.477638947836079963e-01,-4.403464591752307422e-01
1.224473335188882794e+00,4.816135211881423239e-01,1.584955738390068536e+00,7.235909681094502277e-01,4.560049199867308167e-01,-2.517481200746770620e-01,-4.380275653256407997e-01
1.219330636209678964e+00,4.686723493409963859e-01,1.583485840643043652e+00,7.185010932141928652e-01,4.600617001848235077e-01,-2.531614596266618111e-01,-4.419032900649190743e-01
1.216385081312039373e+00,4.708891920594502900e-01,1.585770763835561592e+00,7.156394836260365766e-01,4.663384642047672668e-01,-2.513823609161339734e-01,-4.405077584253467848e-01
1.211723299497011075e+00,4.680396037450496038e-01,1.588312314617030596e+00,7.118987909351722765e-01,4.737136709823350778e-01,-2.550770300223187403e-01,-4.359526689365976759e-01
1.206071363602297053e+00,4.698045918077945471e-01,1.585000853204629578e+00,7.103977226707740567e-01,4.757564766737957807e-01,-2.535429487691959749e-01,-4.375315810124841831e-01
1.211824456480625978e+00,4.698068871226662169e-01,1.583643620368442528e+00,7.053645893634044040e-01,4.833711988887972044e-01,-2.508980954556518372e-01,-4.390115680960171574e-01
1.214151057017727853e+00,4.671890285239546081e-01,1.589054332064920416e+00,7.010451752161355188e-01,4.874965324826321389e-01,-2.511992185695616775e-01,-4.418394847489836019e-01
1.215155988720540980e+00,4.655206307319868508e-01,1.584347899562316364e+00,6.949443587337544859e-01,4.920405645979747944e-01,-2.560555560414563558e-01,-4.432658715412723383e-01
1.216175162046077451e+00,4.571716120138486494e-01,1.590372969219635113e+00,6.928230015465692837e-01,4.968462186097997724e-01,-2.594451126465592838e-01,-4.384594061381656971e-01
1.207086836128109297e+00,4.593510740328066166e-01,1.590819312611739367e+00,6.860508846828810015e-01,5.038783620997744350e-01,-2.576239698149076496e-01,-4.425090452546225905e-01
1.202108369482983719e+00,4.519818064181796435e-01,1.587427696805032706e+00,6.835189101625674946e-01,5.118865692449831029e-01,-2.513819558000166543e-01,-4.417993692936044714e-01
1.202287514582436767e+00,4.474565494452245606e-01,1.583343177096727450e+00,6.820191537155583239e-01,5.167509758921567942e-01,-2.485244593617463860e-01,-4.392355366229475089e-01
1.205407205363878242e+00,4.494471940837067581e-01,1.570085807577380033e+00,6.791138161871884682e-01,5.203773045137094488e-01,-2.483413310456996925e-01,-4.395657040801578264e-01
1.206517201017571095e+00,4.444867864139552815e-01,1.573757003670401389e+00,6.741347297038383646e-01,5.243481822983740992e-01,-2.545733237503213786e-01,-4.380933400566061620e-01
1.197926045106007864e+00,4.392273231687410240e-01,1.577447986667141366e+00,6.707275106709149615e-01,5.325053942045109290e-01,-2.524769892477110589e-01,-4.355206222293117047e-01
1.199863097640420984e+00,4.359799197832537332e-01,1.579661388428889479e+00,6.681525050608436711e-01,5.380892587647645442e-01,-2.528877577082487282e-01,-4.327635453342057459e-01
1.206867291092315053e+00,4.374851428117206842e-01,1.575452312631486107e+00,6.658545008559434430e-01,5.440056674000561809e-01,-2.580729706022759640e-01,-4.250540346242780987e-01
1.211844058211286379e+00,4.354729582853426595e-01,1.574575328215723546e+00,6.662270587864297378e-01,5.468009143581066267e-01,-2.508017762104959303e-01,-4.253285209832863845e-01
1.207780386061950040e+00,4.342344127127601427e-01,1.575197044143339831e+00,6.617348025940892331e-01,5.523980559245545985e-01,-2.549328214496965894e-01,-4.224325828324888565e-01
1.208074517019503080e+00,4.296074310116480000e-01,1.580795431022881337e+00,6.552445040993758463e-01,5.604286673050039580e-01,-2.632230360538693192e-01,-4.167668441829738279e-01
1.209528336268953952e+00,4.300728700925789960e-01,1.575282003526477848e+00,6.518531337951148918e-01,5.638755407449059787e-01,-2.665471232062665563e-01,-4.154873864879993772e-01
1.203178965858060723e+00,4.179823314970462778e-01,1.574541769287418402e+00,6.482281573636117233e-01,5.752488346419344367e-01,-2.635365641224780564e-01,-4.072902278126470654e-01
1.207974418365199920e+00,4.158403508515315927e-01,1.569341163172682352e+00,6.417954101845219084e-01,5.823802295233755366e-01,-2.683020873268138762e-01,-4.033559036268332121e-01
1.211348493208471488e+00,4.205189383508736167e-01,1.556382408131429473e+00,6.373858634900836373e-01,5.873350814837524636e-01,-2.772143415065785876e-01,-3.985346073910196463e-01
1.213466378924388467e+00,4.174685860403661852e-01,1.549617864726949179e+00,6.315644229497994200e-01,5.956776318187495534e-01,-2.787393028936320793e-01,-3.934942243528739003e-01
1.221317465526520873e+00,4.094179748143241815e-01,1.543285773895883839e+00,6.327405969968213917e-01,5.981701223503027576e-01,-2.814067081682322669e-01,-3.866854640419524758e-01
1.233999947673637854e+00,4.069807961886366954e-01,1.531394312541550562e+00,6.279844581366834655e-01,6.034937931447629245e-01,-2.828649302052493320e-01,-3.848404408794046105e-01
1.243964928228993516e+00,4.028033859509330683e-01,1.531817960679016988e+00,6.254141964182146074e-01,6.079680504300845056e-01,-2.871132590946508523e-01,-3.794598474109721065e-01
1.247365956708518020e+00,4.030659209811160437e-01,1.531468991408324820e+00,6.251692426230633925e-01,6.066068592260014380e-01,-2.941353321506102736e-01,-3.761541584381709602e-01
1.249954159810884979e+00,4.078940392300582918e-01,1.521753351260275444e+00,6.210415582009425339e-01,6.075584939723149835e-01,-3.021813187386981348e-01,-3.756773401394927214e-01
1.253949004480419349e+00,4.177461186822459260e-01,1.521243821286448528e+00,6.169005193189130987e-01,6.120927758091021520e-01,-3.039851468209115448e-01,-3.742935222055874811e-01
1.257779623174691386e+00,4.102949016585107356e-01,1.526090606985969655e+00,6.182646714675954502e-01,6.100813715178856622e-01,-3.099908690379842291e-01,-3.682353359190305708e-01
1.260704328913963668e+00,4.076970369929983629e-01,1.519598453676836325e+00,6.171394436127034533e-01,6.116911247457995637e-01,-3.159607021642570901e-01,-3.638868029291884021e-01
1.268112536639355525e+00,4.078515302635951079e-01,1.513670056628784399e+00,6.210918273475151130e-01,6.143744478251884633e-01,-3.173908770075187236e-01,-3.507180541571185972e-01
1.265466994938338807e+00,4.088310107495590762e-01,1.512939600298994769e+00,6.216403452523718842e-01,6.135689175182794663e-01,-3.194950980940809426e-01,-3.491327833738244735e-01
1.266458030251470523e+00,4.173829667713239711e-01,1.512644398127812373e+00,6.225709291619098140e-01,6.138929883230278550e-01,-3.238359323774651077e-01,-3.428082297745365659e-01
1.269721287976259827e+00,4.168766080619737968e-01,1.513698277896925681e+00,6.240410749804699009e-01,6.162987437390585743e-01,-3.177110293379448169e-01,-3.424649219364670483e-01
1.272210254822098596e+00,4.164110618840312639e-01,1.511863381512092763e+00,6.249700828973637767e-01,6.137579804874837563e-01,-3.182222778743498681e-01,-3.436952039698289441e-01
1.275428064400274231e+00,4.170350070137662235e-01,1.504899692555420554e+00,6.292694648366997656e-01,6.145523677571355092e-01,-3.190415278824320078e-01,-3.337990867259673089e-01
1.283649579346990199e+00,4.135096254256261372e-01,1.505743541311553635e+00,6.338810592447964298e-01,6.115462378214875372e-01,-3.205457742013184119e-01,-3.286277353714175953e-01
1.285106101579507332e+00,4.142009693887072630e-01,1.504591337958969488e+00,6.359000621893680094e-01,6.090860796120550757e-01,-3.210856301398756218e-01,-3.297416910008923452e-01
1.288298352678742376e+00,4.154924603045549447e-01,1.504264527685913899e+00,6.400004283156309759e-01,6.050814563943170965e-01,-3.253101130692252485e-01,-3.251594561962383167e-01
1.293499124947333989e+00,4.157682129604225452e-01,1.501834375573713798e+00,6.424764173925823219e-01,6.021939274314730417e-01,-3.247510018888618011e-01,-3.258503092900635889e-01
1.287748546074202416e+00,4.116253804777755820e-01,1.495206855431895576e+00,6.468870209385104708e-01,6.018635648122885318e-01,-3.157930225564826721e-01,-3.266614233129599976e-01
1.289725388206963475e+00,4.071157394098928184e-01,1.490437773761466467e+00,6.495798563167961559e-01,6.027357990715438429e-01,-3.143029329046134190e-01,-3.201280046962128312e-01
1.296574164799248807e+00,4.017841336290294274e-01,1.493860571464100007e+00,6.508816315998952051e-01,6.005052428243111695e-01,-3.115081129533409654e-01,-3.252308889058944108e-01
1.303977574453814237e+00,3.957091947162466594e-01,1.482550344247117957e+00,6.547501399310450276e-01,5.906378061293435788e-01,-3.153922449663726368e-01,-3.292937632717720664e-01
1.306594346358237235e+00,3.874047226125388876e-01,1.483210180588568683e+00,6.610867738618367850e-01,5.848460395759105257e-01,-3.132280277286085268e-01,-3.323447572061795086e-01
1.304427468868489148e+00,3.784465526266508340e-01,1.485817826942862130e+00,6.637847737696032091e-01,5.808285106998305469e-01,-3.128089458378334187e-01,-3.351347825757745036e-01
1.300099577246240479e+00,3.774041186984759544e-01,1.479183368992460057e+00,6.674761726318727550e-01,5.762844861108832317e-01,-3.110703930369987380e-01,-3.350248623779356061e-01
1.304990300727776553e+00,3.668070067260842393e-01,1.469460458146323312e+00,6.718049715763482199e-01,5.726959143437976296e-01,-3.055577149679993276e-01,-3.374316173167186683e-01
1.309002520476968412e+00,3.521050276991038452e-01,1.468338660821692621e+00,6.789919314526419170e-01,5.657513839949307455e-01,-3.038463530062747719e-01,-3.376807238230408181e-01
1.309766166135889254e+00,3.570493439898110855e-01,1.465304721181829972e+00,6.788123742200179445e-01,5.667002832099569121e-01,-3.042966157656837867e-01,-3.352599736474111691e-01
1.314368547795629283e+00,3.455404608665032518e-01,1.462643878531732833e+00,6.821573913753093965e-01,5.618597960056893603e-01,-3.026702210083807576e-01,-3.382466450173624573e-01
1.315284065801763269e+00,3.395363128905487526e-01,1.461869869714850445e+00,6.871982985815958678e-01,5.587574967568482709e-01,-2.983498138844460912e-01,-3.368255111215031627e-01
1.314785132805240453e+00,3.329255354480579743e-01,1.453158821851720628e+00,6.844164025343989488e-01,5.581994554506047868e-01,-3.057065472361334413e-01,-3.381516458366630729e-01
1.316682361329974515e+00,3.270288856369649722e-01,1.452830323404949775e+00,6.874424989935645769e-01,5.532780727619150962e-01,-3.048227182555679482e-01,-3.388697565383815835e-01
1.319362351256778032e+00,3.164042321476901454e-01,1.450319640512793828e+00,6.864491547845316122e-01,5.538531914599035266e-01,-3.043864117871374897e-01,-3.411866053074624205e-01
1.321349412375815158e+00,3.148838658811091706e-01,1.451694953916035091e+00,6.869078108947698214e-01,5.563029561600568718e-01,-3.020964764947988712e-01,-3.383662614813755520e-01
1.325951671438447610e+00,3.066510247016638879e-01,1.457242762709906714e+00,6.891622194873628926e-01,5.522552604476048677e-01,-3.046239767355022332e-01,-3.376375289649386491e-01
1.326370159521083947e+00,3.018684412358607072e-01,1.455748813669359709e+00,6.907693222879008887e-01,5.546207485191902986e-01,-2.996547746142514401e-01,-3.366199663978988732e-01
1.321963072020610586e+00,3.044926602782199732e-01,1.448626206747867462e+00,6.938136260955080070e-01,5.493290592942066120e-01,-2.967384063150921292e-01,-3.398076130474060874e-01
1.318490489764888585e+00,3.011522419775576331e-01,1.454695586260934759e+00,6.919339892853706431e-01,5.511107210837530301e-01,-2.996269956727311001e-01,-3.398788973289165738e-01
1.320280887792255387e+00,3.063307409775366530e-01,1.451237700468520853e+00,6.945521574218945782e-01,5.457732196555227233e-01,-2.969018820441882145e-01,-3.442110968067877974e-01
1.316175268212682603e+00,3.032020674361276535e-01,1.454627739614539284e+00,6.981536170843052336e-01,5.407019285394739638e-01,-2.930775671819372818e-01,-3.475153849789093252e-01
1.314368670035603204e+00,2.977506461782626901e-01,1.456980108546089392e+00,6.991039181353019272e-01,5.401943588419190201e-01,-2.943382961400461961e-01,-3.456786935516112380e-01
1.308720050877444141e+00,2.965739420230303902e-01,1.458453472135026852e+00,6.995393740548569994e-01,5.364658494571521441e-01,-3.003780786090697319e-01,-3.464964041042946641e-01
1.311634466939353372e+00,2.964717384305414760e-01,1.460510257527680045e+00,6.995353150602157122e-01,5.348607591967023955e-01,-2.971870607535116449e-01,-3.504547414514086467e-01
1.306608331268395595e+00,2.958635657827127785e-01,1.456033775938915698e+00,7.006387949621962763e-01,5.356042616619689500e-01,-2.933305483949457670e-01,-3.513142541959895504e-01
1.311458308829169583e+00,2.950269163438798414e-01,1.464350116235751731e+00,7.009885064993675030e-01,5.348662202600000803e-01,-2.925762487279473523e-01,-3.508308962813774801e-01
1.319325889355517534e+00,2.932982991606529755e-01,1.462493566861777561e+00,7.005102102096882888e-01,5.354331961144510599e-01,-2.906157896486460390e-01,-3.526791413408815745e-01
1.318295906791608241e+00,2.914856373395254829e-01,1.462146247666141319e+00,7.003937343912081115e-01,5.337667609890112130e-01,-2.887655339453971681e-01,-3.578619884664698825e-01
1.314157073342533844e+00,2.827693922110635638e-01,1.464879393741234326e+00,6.986000289666587371e-01,5.345205355171551709e-01,-2.895227932633087642e-01,-3.599920656683479603e-01
1.312006988536118302e+00,2.778028429428631152e-01,1.455032741036031307e+00,7.016093831318817031e-01,5.326945962783230515e-01,-2.821275138259355941e-01,-3.621310291530723258e-01
1.311011483680655676e+00,2.782455393693628598e-01,1.452501167008358296e+00,7.028423836687797133e-01,5.325603548078613469e-01,-2.769750509297129182e-01,-3.637139694531753009e-01
1.305920711338945495e+00,2.692050143344629776e-01,1.448325765944877386e+00,7.075350886664384387e-01,5.313383696038166404e-01,-2.765479944843242666e-01,-3.571059529244284270e-01
1.306575426663141748e+00,2.694234033966432240e-01,1.450360753867372621e+00,7.072268504185652560e-01,5.306566425820221644e-01,-2.778326847440351632e-01,-3.585104589309008882e-01
1.304195140006261466e+00,2.683784600428161804e-01,1.456409551609030073e+00,7.071336540205308552e-01,5.345175025937708435e-01,-2.753356684225578555e-01,-3.540404614983510001e-01
1.300938037718730733e+00,2.729744745789458582e-01,1.449261953684752413e+00,7.092322013643952427e-01,5.316785404308498331e-01,-2.777275604242674945e-01,-3.530657755796753894e-01
1.305467692290007919e+00,2.782012818200553794e-01,1.453095395746129004e+00,7.067985452512791644e-01,5.340872836997847539e-01,-2.742646360114016080e-01,-3.565432809932539970e-01
1.300801019773494938e+00,2.804474854481247559e-01,1.447312040289908674e+00,7.084397933667837544e-01,5.290720355674825015e-01,-2.762780570604990715e-01,-3.595558008053814092e-01
1.307071750815839817e+00,2.721046792227734823e-01,1.445669977327479927e+00,7.112990614008160017e-01,5.281457440714084628e-01,-2.768012923513222256e-01,-3.541097438268362430e-01
1.306027000387091075e+00,2.724237169826919103e-01,1.443526100623067743e+00,7.134789597363183633e-01,5.257966239396347774e-01,-2.792788469637976778e-01,-3.513813117816476095e-01
1.300032655058989794e+00,2.675322232770533382e-01,1.447759426264166427e+00,7.142739317221953321e-01,5.235550275427742761e-01,-2.820488609008363068e-01,-3.508535855764163824e-01
1.294650320325025250e+00,2.554579639730779062e-01,1.444814375561322528e+00,7.158172352132273764e-01,5.177026423886801343e-01,-2.816427331530718670e-01,-3.576083492521658913e-01
1.301035203074036639e+00,2.509224247040264810e-01,1.447315762316345067e+00,7.160715942273486734e-01,5.166334046994950358e-01,-2.867499515574860602e-01,-3.534677239206365784e-01
1.302643761846419945e+00,2.488314044318094831e-01,1.443278900128455389e+00,7.224125792143847313e-01,5.088022366493016868e-01,-2.859465410195612400e-01,-3.526115906499322494e-01
1.297469986231421846e+00,2.406317589722211936e-01,1.443200410418017166e+00,7.247236783857885500e-01,5.025231918440273837e-01,-2.870838178528380968e-01,-3.553909229058017649e-01
1.295833695303189703e+00,2.396585036882301067e-01,1.444478996654166902e+00,7.273761035685369913e-01,5.038553447249319861e-01,-2.843501636314527681e-01,-3.507488849334691183e-01
1.299034373121165542e+00,2.437676088885071812e-01,1.450660304463027073e+00,7.290821369989640699e-01,5.045923700478482932e-01,-2.831398943235464150e-01,-3.471440222831355116e-01
1.293488059212168695e+00,2.348145563987510120e-01,1.452400063065184321e+00,7.321147480091536597e-01,5.019425998807296452e-01,-2.799775961726694296e-01,-3.464619577342070156e-01
1.289364892712118404e+00,2.250817644995700417e-01,1.451267283717057932e+00,7.331505638371493827e-01,5.000926289187311857e-01,-2.829842694654678970e-01,-3.439667053221784343e-01
1.289906331915750659e+00,2.280483095993192655e-01,1.446346469754852704e+00,7.407501972165435600e-01,4.955303306043787326e-01,-2.803435520760336752e-01,-3.377905050561452738e-01
1.295641570545096766e+00,2.133700660620841405e-01,1.454444118317607115e+00,7.422220382399702387e-01,4.950005963025571609e-01,-2.763001522681885480e-01,-3.373299849240679049e-01
1.293663120618164797e+00,2.083593088441866026e-01,1.458894939413271530e+00,7.469889875590728368e-01,4.898824441759142001e-01,-2.724866522178234773e-01,-3.380186894143404897e-01
1.280450485019249740e+00,1.992758173832716584e-01,1.467249946206379940e+00,7.521800216640102121e-01,4.828610345622633138e-01,-2.689686067997690277e-01,-3.405180807888375516e-01
1.273171454551135007e+00,1.945494198864595459e-01,1.468965664597432719e+00,7.550090883805082864e-01,4.793653710023513259e-01,-2.685331543487188832e-01,-3.380279444682429135e-01
1.272090806562473864e+00,1.865457720401358377e-01,1.469113411234932887e+00,7.603406943933415096e-01,4.771465555137888725e-01,-2.683806757161248391e-01,-3.306157189610496316e-01
1.267328287235947704e+00,1.837949667045823965e-01,1.469951261890321659e+00,7.635401076490755390e-01,4.724502678362279551e-01,-2.636026196202784777e-01,-3.333726408978195388e-01
1.266864277158570973e+00,1.786241176625796845e-01,1.470457217041922560e+00,7.638813310717803562e-01,4.723825902018257694e-01,-2.603895824179247032e-01,-3.345561505362770194e-01
1.263165159235245971e+00,1.670143615131337300e-01,1.474742266143334257e+00,7.672988429595288817e-01,4.666292883492142995e-01,-2.591329486285898209e-01,-3.361063025105018309e-01
1.260309812148858732e+00,1.679418199779558474e-01,1.475418698393298644e+00,7.763851066237830167e-01,4.575030345086131267e-01,-2.528733939019808807e-01,-3.323966658620999826e-01
1.259112296733363445e+00,1.728038881170926300e-01,1.479867171826306782e+00,7.788945402083493619e-01,4.581929266059391326e-01,-2.436612523225968330e-01,-3.316823291404713547e-01
1.252708578133360451e+00,1.687671587910379023e-01,1.486703553136956346e+00,7.823944257873646224e-01,4.536562368033630888e-01,-2.456529417247330094e-01,-3.301738890891321443e-01
1.244415328599852266e+00,1.576102885050227054e-01,1.489607603667007618e+00,7.838325039042336462e-01,4.517921512243742166e-01,-2.443178778608004198e-01,-3.286587284388717833e-01
1.250842551452675311e+00,1.483791564200776514e-01,1.489339768666675834e+00,7.876342408654450900e-01,4.476987617824236265e-01,-2.434042955135811148e-01,-3.263867781052188777e-01
1.249913544365836016e+00,1.365550160444135019e-01,1.492608077039684567e+00,7.917186884224146626e-01,4.427132977671783820e-01,-2.413521816413527754e-01,-3.244932105411431067e-01
1.244149413668382609e+00,1.339246122124586602e-01,1.484994718003792791e+00,7.958438486112946464e-01,4.347623288822056176e-01,-2.451300968615779952e-01,-3.221397037580394085e-01
1.239590012190991075e+00,1.281945014233755731e-01,1.494630989741113192e+00,7.959656431973664015e-01,4.322180709705285007e-01,-2.465360586707049384e-01,-3.241443041554000204e-01
1.242147977810392767e+00,1.319676537433628061e-01,1.491222534955686019e+00,7.996621630473850217e-01,4.258035044595235852e-01,-2.479889053451951320e-01,-3.219822843286271885e-01
1.237954763761324628e+00,1.254508434341386203e-01,1.498131761424515540e+00,8.005609928125115848e-01,4.283810577948350407e-01,-2.451369284681683136e-01,-3.197399424706342530e-01
1.238343907373427699e+00,1.205352248996883618e-01,1.502319157334990107e+00,8.006022819844618166e-01,4.273739141207581471e-01,-2.435629801036145459e-01,-3.202159356184605676e-01
1.226114503654289090e+00,1.166636920277148715e-01,1.506860047540026892e+00,8.048682561904941801e-01,4.225730593166052151e-01,-2.423414992258669520e-01,-3.176595347316998885e-01
1.227604008119736356e+00,1.078322714511427138e-01,1.510150404136275437e+00,8.072642594700567553e-01,4.171770473985206840e-01,-2.443186779439840972e-01,-3.171006561405442792e-01
1.223813906168212284e+00,1.054961033335591464e-01,1.509771360562494724e+00,8.106996220548451371e-01,4.143403755355994367e-01,-2.428110246449924070e-01,-3.133423888975697680e-01
1.226612933752016188e+00,1.089057760730800517e-01,1.504875434550564162e+00,8.104356598102304687e-01,4.173874601533575923e-01,-2.437296116867090912e-01,-3.100797142721265498e-01
1.225368270867603693e+00,1.066414013813660466e-01,1.506444431282824237e+00,8.142477166612100969e-01,4.073208267218865752e-01,-2.447818350076373384e-01,-3.122757178249335741e-01
1.223848262231362449e+00,1.125884628482160948e-01,1.508608541232066891e+00,8.144974022911143363e-01,4.046862110849106520e-01,-2.418868422528651918e-01,-3.180599635426602512e-01
1.221885168153511003e+00,1.066611732269902857e-01,1.510197456362511348e+00,8.123412901696784871e-01,4.054568451162947618e-01,-2.412457594227046254e-01,-3.214739553067840760e-01
1.223617329393485331e+00,1.042298218225538864e-01,1.509447532437795614e+00,8.136119759239613947e-01,4.041854897035712102e-01,-2.419769385612421386e-01,-3.196784684229392881e-01
1.223326045272565388e+00,1.003559160197222133e-01,1.504116394815373292e+00,8.154822003731919677e-01,4.001606079641849556e-01,-2.373096103980355254e-01,-3.241446611783624365e-01
1.220900561656266703e+00,9.845492047060802610e-02,1.508552020462144094e+00,8.175448039184010085e-01,3.956033038976017324e-01,-2.367478721935708519e-01,-3.251606057300342467e-01
1.216514615739542116e+00,9.852708513623510689e-02,1.511301068050480589e+00,8.159462258344571950e-01,3.969174843175090617e-01,-2.372248888599767791e-01,-3.271819495118243881e-01
1.217603392512006222e+00,9.786216384974653903e-02,1.514280853471206445e+00,8.119176173619625514e-01,4.026161589530081186e-01,-2.396753433932522492e-01,-3.280443615265057344e-01
1.218711842702027592e+00,1.000313471997572312e-01,1.511544978297321151e+00,8.119129757041250173e-01,4.038440503847447460e-01,-2.388426440946126994e-01,-3.259619015800929720e-01
1.220746152066123580e+00,1.050315128206537885e-01,1.509813747390091221e+00,8.116022353545889745e-01,4.077078330325042965e-01,-2.353968703279819275e-01,-3.256923700479138484e-01
1.206344336013261964e+00,1.028525925404221164e-01,1.510777579458655095e+00,8.095493486955651630e-01,4.075638227691269488e-01,-2.371912540934063840e-01,-3.294412964596254989e-01
1.203884813125088327e+00,9.410732227344972833e-02,1.525878286341397549e+00,8.063442449637394649e-01,4.124207143377227047e-01,-2.410234194156515575e-01,-3.283238142236340473e-01
1.203666553800042394e+00,8.767407567317944683e-02,1.529385423123431176e+00,8.091970364865626042e-01,4.081073979237120897e-01,-2.421729184037604288e-01,-3.273361488992920232e-01
1.202563536463423954e+00,8.902464047406499770e-02,1.526863475879911558e+00,8.092639207456608919e-01,4.126913999224631757e-01,-2.371490138286733163e-01,-3.245291721528736351e-01
1.202733576600766074e+00,9.049328249346393072e-02,1.527643498751914297e+00,8.121611688907885984e-01,4.102996748033280738e-01,-2.355353738012528619e-01,-3.205577089971591853e-01
1.196999773572793968e+00,8.700219793446146987e-02,1.534324812807109195e+00,8.110229926259262534e-01,4.108499437682045508e-01,-2.389289290221161544e-01,-3.227611473727503011e-01
1.192039966754335767e+00,8.096026060373767708e-02,1.536361106972410351e+00,8.096958049862018614e-01,4.102466149351164382e-01,-2.381967049358779398e-01,-3.256744698694298279e-01
1.182190938172845263e+00,8.192612795637525813e-02,1.544504980863194321e+00,8.119871992439351427e-01,4.061245315316175941e-01,-2.326368843979587098e-01,-3.284033906114702250e-01
1.183737113152244724e+00,7.999120705499097872e-02,1.547277221844130857e+00,8.150794484377293925e-01,4.057876478106714480e-01,-2.303318394158103966e-01,-3.232197566165817548e-01
1.178752442633481889e+00,7.797603145688787596e-02,1.546711351733935480e+00,8.134260773748192008e-01,4.071160090270128928e-01,-2.293136081843822893e-01,-3.263510241710245174e-01
1.187284971137591461e+00,7.424337925736949895e-02,1.545793658424690298e+00,8.105803510230312758e-01,4.072389881520996902e-01,-2.304904087192763407e-01,-3.323200223329671465e-01
1.186395394908006384e+00,6.606227255377408736e-02,1.543403442402945913e+00,8.131854492694644554e-01,4.024945882495286620e-01,-2.259286550551270201e-01,-3.342448328713646943e-01
1.187729942400202798e+00,6.010421457517892835e-02,1.551983583532478450e+00,8.114670377116919298e-01,4.044964325595386545e-01,-2.253187476247396070e-01,-3.362540263785798178e-01
1.192653820764686179e+00,5.429450947506181402e-02,1.550775211826660005e+00,8.098558732857791265e-01,4.025130089990200943e-01,-2.287045909262434007e-01,-3.409126540922831627e-01
1.182791879637623778e+00,5.523282074753377291e-02,1.558846185637556836e+00,8.093760415719321033e-01,4.058414352615155596e-01,-2.269076662607104333e-01,-3.389533595369559893e-01
1.171466760185049027e+00,4.446006409833003215e-02,1.554830235923193804e+00,8.127128812994264262e-01,4.018837167208885730e-01,-2.264352020749452465e-01,-3.364785218810357192e-01
1.170228819848226687e+00,4.197353119992023457e-02,1.556766021708107406e+00,8.119174323945026472e-01,4.059532538900559873e-01,-2.314307965451663229e-01,-3.309167115671238224e-01
1.160338717756908444e+00,4.001590143538538702e-02,1.562740389661726459e+00,8.100630336285337130e-01,4.051832218624085713e-01,-2.295050801401996854e-01,-3.367636862629618255e-01
1.156120562184852929e+00,4.130941494667771802e-02,1.563554365339823615e+00,8.113571329043913760e-01,4.022092249664104835e-01,-2.296665030307507849e-01,-3.379069827042373020e-01
1.149083289842211641e+00,3.980468762937453692e-02,1.561927982846573082e+00,8.096017644107541544e-01,4.035472969057543047e-01,-2.294755541467835280e-01,-3.375262193305109681e-01
1.142141046261557547e+00,3.867996930019045043e-02,1.569010178884147733e+00,8.085308694270854080e-01,4.086237721513057974e-01,-2.279226899806102713e-01,-3.372289932958786873e-01
1.150009713026621805e+00,3.135952380520925370e-02,1.569667075800599720e+00,8.106739414270741628e-01,4.030548530116199180e-01,-2.243254871317132415e-01,-3.413839085221060388e-01
1.149678118966683593e+00,2.541751309228803407e-02,1.580586958528536368e+00,8.097409914244163565e-01,4.071662753880039287e-01,-2.186063177600742480e-01,-3.431730735493087048e-01
1.147926828690093215e+00,1.794940285863649843e-02,1.584109941864305648e+00,8.077672777151178041e-01,4.066936234742970502e-01,-2.239088057945061438e-01,-3.442432708382144324e-01
1.144863691541535777e+00,8.478502660726193116e-03,1.592999210510238850e+00,8.135533419439660019e-01,4.014887692080363335e-01,-2.226384943145830464e-01,-3.382442049536162343e-01
1.144131824181743529e+00,-7.093859282084593633e-03,1.599271496094166523e+00,8.129890501800127733e-01,4.028622170296234928e-01,-2.275223226957052425e-01,-3.350236349949459180e-01
1.148475720118841581e+00,-7.675012872402290319e-03,1.606099589518221959e+00,8.153191692942900470e-01,4.011840320654846970e-01,-2.214755895141929110e-01,-3.345807452699574025e-01
1.134257928272091709e+00,-5.820336110447350657e-03,1.604986977360347788e+00,8.161003672010509469e-01,4.026583369403879953e-01,-2.141532588661105851e-01,-3.348320970315505352e-01
1.129133756714222558e+00,-5.140696936533341484e-03,1.608358490601427437e+00,8.139204181695702811e-01,4.075164904502555085e-01,-2.169084935007500603e-01,-3.346635848473873409e-01
1.125681235064398766e+00,-8.929843108584708741e-03,1.602660114829452365e+00,8.148237574497732005e-01,4.051779804242640060e-01,-2.144801567584845303e-01,-3.345658673454966481e-01
1.117748726204218057e+00,-2.269567081956073290e-02,1.608774734418851216e+00,8.131089395556400090e-01,4.093755771793814446e-01,-2.107905717759120112e-01,-3.373247209545392478e-01
1.105376646592522549e+00,-3.043191049191547315e-02,1.618225256554090441e+00,8.124358158932525331e-01,4.144883109027375223e-01,-2.081868429430870360e-01,-3.338442419262304117e-01
1.107152529373548244e+00,-3.224256142644349454e-02,1.619835407342222755e+00,8.122103849941781917e-01,4.234524642482653811e-01,-2.003917389879463773e-01,-3.278077052400460434e-01
1.109775448139782572e+00,-2.624295176073537794e-02,1.616766566989684906e+00,8.136448070555758472e-01,4.233501124533852189e-01,-1.956994280529324448e-01,-3.253032228988278485e-01
1.097782533788817627e+00,-3.053302053804898136e-02,1.622874571684151279e+00,8.145444929465006645e-01,4.255210064372724754e-01,-1.888461859861566561e-01,-3.252554900276714012e-01
1.091402247078411936e+00,-4.370641438728922051e-02,1.627868697893238847e+00,8.172233634094796528e-01,4.238365777042327198e-01,-1.849852202502835219e-01,-3.239009344002364288e-01
1.090898058006404936e+00,-3.935212631469921229e-02,1.632124630898836415e+00,8.147613366035628690e-01,4.290648543030354256e-01,-1.803123660388578076e-01,-3.248996817320894404e-01
1.081022017888253250e+00,-4.921513583248055684e-02,1.632114433316471436e+00,8.130196688033355379e-01,4.345808888137969728e-01,-1.749849878212686727e-01,-3.253649359267645758e-01
1.074910370130955695e+00,-5.907595389278096076e-02,1.634455087877408674e+00,8.122216579558089178e-01,4.372729186472858465e-01,-1.701032855302064550e-01,-3.273038943090312292e-01
1.070894457812769707e+00,-6.574018126424049924e-02,1.638104079759400644e+00,8.133295680727444799e-01,4.388158389649746693e-01,-1.644336224155272808e-01,-3.245000716046648193e-01
1.055450262658618410e+00,-6.506906864020783887e-02,1.641474614364779816e+00,8.169623703326577280e-01,4.360809984793737604e-01,-1.597240549681517296e-01,-3.209211703291113271e-01
1.054224309693497785e+00,-6.788812343055652954e-02,1.647277353588324056e+00,8.195881907203975691e-01,4.328740056718858309e-01,-1.539421455309346876e-01,-3.219170715036746011e-01
1.058265491637483180e+00,-6.857587463286395069e-02,1.651259073098722441e+00,8.215382607862087294e-01,4.345686008535749045e-01,-1.555592790300168726e-01,-3.136319865619820457e-01
1.053290360043058094e+00,-7.311738123160535507e-02,1.653187365489925398e+00,8.257229973929863798e-01,4.276384290574405944e-01,-1.602139366071303195e-01,-3.106007489011073930e-01
1.046488296108115001e+00,-7.568603631486046923e-02,1.657732566931659379e+00,8.231128459065427672e-01,4.275246625646042520e-01,-1.599674006082371092e-01,-3.157068715681921045e-01
1.035346283933397338e+00,-8.683390005089326735e-02,1.657368131867049010e+00,8.225136150462565299e-01,4.267127509971153643e-01,-1.609138999548444249e-01,-3.188464437371892335e-01
1.038654773682473165e+00,-8.270371197107033445e-02,1.661876229964431850e+00,8.257802774664387835e-01,4.219210829488449499e-01,-1.634591448969424377e-01,-3.166759987218648598e-01
1.031972539072872008e+00,-8.384632963167480690e-02,1.664873386672598876e+00,8.276632718093589469e-01,4.251688142548535887e-01,-1.567009391917025263e-01,-3.112857015686184559e-01
1.023770274170042738e+00,-8.659692426130602416e-02,1.665889852886233369e+00,8.268036056698276903e-01,4.255302606692685785e-01,-1.501118273004869996e-01,-3.152632443484903457e-01
1.024688674267787203e+00,-8.996415881664651670e-02,1.673571178556604977e+00,8.320512967410143013e-01,4.198758341464417509e-01,-1.416305435016823600e-01,-3.131877174154233390e-01
1.027878579858170438e+00,-8.832518240458436809e-02,1.674151971335479105e+00,8.344810693724697970e-01,4.165336046858506003e-01,-1.342454173306247556e-01,-3.127062139928936113e-01
1.022366034599990980e+00,-9.240093639148923288e-02,1.679873328260458765e+00,8.393684039784955475e-01,4.089662431553558464e-01,-1.322178397597076338e-01,-3.122831818591907393e-01
1.021985512071865942e+00,-9.936476008250444414e-02,1.685763714165114280e+00,8.389993361070351430e-01,4.086674091212006976e-01,-1.309476810329171237e-01,-3.138386635568775063e-01
1.015724057136967007e+00,-9.833803024637607915e-02,1.686188385806053347e+00,8.411896566091099370e-01,4.043810079219525289e-01,-1.304754703915488034e-01,-3.133241866344387283e-01
1.012036659253636506e+00,-9.447917067343360176e-02,1.681128650999482721e+00,8.424617118196432441e-01,4.000904630993893374e-01,-1.242945009197459483e-01,-3.191078670584606702e-01
1.007975863558149721e+00,-9.498885529135442374e-02,1.682203061705496827e+00,8.436567532073324660e-01,3.935577164355547053e-01,-1.235479101520637474e-01,-3.227873479061718620e-01
1.002608438714762018e+00,-1.006934306498781517e-01,1.681475043087054200e+00,8.463703399641642200e-01,3.865214379967070735e-01,-1.214866227179646208e-01,-3.260746927042645904e-01
9.898739585888748360e-01,-9.809538227668387900e-02,1.685559519641638859e+00,8.475521054443418967e-01,3.786259751981936317e-01,-1.146389701857655069e-01,-3.349516250982083609e-01
9.816456793775173439e-01,-1.045858369212285394e-01,1.676139922162390494e+00,8.502832613598579892e-01,3.753916467444132210e-01,-1.143805225605548925e-01,-3.320464395328021068e-01
9.758331323706354032e-01,-9.668074434009610307e-02,1.673505996973780885e+00,8.503052431410920153e-01,3.729664699872927702e-01,-1.115330771327533860e-01,-3.345974069110628224e-01
9.717215242865187008e-01,-9.183552493349636525e-02,1.669189164026998018e+00,8.497932215576409209e-01,3.684004697840970732e-01,-1.108484347194257924e-01,-3.408739406077649359e-01
9.671473026561960840e-01,-9.761844547795983651e-02,1.674131452123015951e+00,8.539881175519103973e-01,3.614711854352547493e-01,-1.082492835191390806e-01,-3.389875271574599447e-01
9.650774062169080736e-01,-1.017661815879235404e-01,1.680057952583590808e+00,8.532849466298604302e-01,3.636030695609442920e-01,-1.085665229773361273e-01,-3.383716223938384449e-01
9.600406061376549616e-01,-1.014876413628039292e-01,1.677263757139576983e+00,8.543980772833056347e-01,3.609355177970284823e-01,-1.044393877531875348e-01,-3.402575186220486159e-01
9.530721465145846061e-01,-9.737945405498818485e-02,1.679866605558116399e+00,8.543272825769545609e-01,3.581085268591840398e-01,-1.008368600566088569e-01,-3.442149929629727545e-01
9.518086740581946925e-01,-9.846428594408668244e-02,1.680347419503615214e+00,8.549515128938086628e-01,3.557038931541456894e-01,-9.623308577816622189e-02,-3.458377395768458817e-01
9.438254565350552294e-01,-9.574566707860276971e-02,1.689089155144914534e+00,8.550723061808183090e-01,3.513469731822572162e-01,-9.693207669914642721e-02,-3.497586668975055657e-01
9.438308724094144342e-01,-9.194012465560816305e-02,1.680071446578034422e+00,8.530388193874246516e-01,3.499292413917806654e-01,-8.996418321589194633e-02,-3.573924079232025930e-01
9.433929871874370265e-01,-8.994883425511920882e-02,1.679667557839378489e+00,8.500698341416984549e-01,3.494320236549617320e-01,-8.583021908416256507e-02,-3.658669663178564790e-01
9.409560115712726214e-01,-9.450787910754064602e-02,1.677289375008813366e+00,8.501218232118986640e-01,3.414329810141144006e-01,-8.184668821132277949e-02,-3.743175750858282469e-01
9.329941588220233006e-01,-9.384424771059414472e-02,1.670750748396439667e+00,8.512248328254737872e-01,3.476032531711832352e-01,-7.602223855321293966e-02,-3.686938807975042587e-01
9.255383016032943111e-01,-9.061702936332660663e-02,1.663457303650494490e+00,8.556123873770842270e-01,3.437446034368264458e-01,-7.109778251745489663e-02,-3.615820376829259608e-01
9.302059292643398702e-01,-9.613485498386549477e-02,1.660088176556547834e+00,8.583524698394854324e-01,3.414740263975409862e-01,-6.989337557842358051e-02,-3.579345709173862300e-01
9.261743549907112127e-01,-9.838017850706023970e-02,1.658618064510770207e+00,8.595040654376248090e-01,3.422341975956675886e-01,-6.958524800660943754e-02,-3.543645445079477985e-01
9.226261652495073573e-01,-9.548814978675246312e-02,1.658578081010531724e+00,8.604567582733082531e-01,3.426901375049326015e-01,-6.654428509198409558e-02,-3.529475469996727344e-01
9.191005932433412573e-01,-8.795828616254794396e-02,1.652326140029039436e+00,8.625363414061806289e-01,3.372574758937322281e-01,-7.094524615886277363e-02,-3.521713841852325833e-01
9.196639606506026299e-01,-8.860221000161186411e-02,1.659479730581754575e+00,8.600675932312975558e-01,3.387530447090730257e-01,-7.397493468606930467e-02,-3.549606689373069890e-01
9.159785334997962991e-01,-9.722320631786361689e-02,1.657337588347418400e+00,8.599043812835224232e-01,3.398864612972984922e-01,-7.159489180894969274e-02,-3.553016083991308860e-01
9.124420505282296867e-01,-9.080771363741473035e-02,1.651187175839795573e+00,8.617435745553975179e-01,3.368459431241097035e-01,-7.230607114301482174e-02,-3.541783980634690132e-01
9.132153711511640237e-01,-8.950588993552303918e-02,1.645228798541171766e+00,8.602700731571278903e-01,3.420292064559715128e-01,-7.263925457604071545e-02,-3.540627070818426203e-01
9.172184692596189182e-01,-9.270690389264205078e-02,1.650100652875270413e+00,8.591417678975286076e-01,3.392278286588503722e-01,-7.502599988698308020e-02,-3.566948488302906783e-01
9.094246327947168584e-01,-8.751341964029202281e-02,1.646192546032950288e+00,8.576685607930075728e-01,3.393203976555038137e-01,-7.846484205282135138e-02,-3.601822977750207544e-01
9.023604171479293612e-01,-8.968060801427595041e-02,1.645141557898104123e+00,8.552524271465959949e-01,3.386611221311310316e-01,-8.034603720600555499e-02,-3.663593315727237121e-01
9.019373457895476509e-01,-8.493741910276642049e-02,1.651996365530147060e+00,8.552254744948297738e-01,3.359573435324257895e-01,-7.525750110781528890e-02,-3.686641210921922651e-01
9.098841175621997790e-01,-8.463310672348868524e-02,1.648794892445371918e+00,8.581481693596244575e-01,3.338056539044948479e-01,-7.368360076163736616e-02,-3.641061575890640056e-01
9.075197164052650756e-01,-8.860509617935809212e-02,1.647640947416661783e+00,8.601375344836781345e-01,3.277992209665399059e-01,-7.365606046082813496e-02,-3.647976637057661620e-01
9.087013497570159970e-01,-8.893342281885635581e-02,1.652278586840705943e+00,8.578490884471225986e-01,3.270561731713975129e-01,-7.289668151613074021e-02,-3.713513986809263701e-01
8.996518068263078538e-01,-8.727734816389255690e-02,1.649487898454975010e+00,8.592053503549141880e-01,3.286626788596244131e-01,-7.308779689582221850e-02,-3.660616258199265172e-01
9.003361010373880369e-01,-7.690525455060463755e-02,1.647169739543117295e+00,8.635093230650489060e-01,3.241737102679451143e-01,-7.188419999766153257e-02,-3.602893857103725006e-01
8.955048686466753338e-01,-8.074475524514553026e-02,1.640450978148108918e+00,8.667186671682597376e-01,3.197319979301693205e-01,-7.051426664039921188e-02,-3.579091522347683796e-01
8.877951615541179731e-01,-7.880982245927851959e-02,1.631585998664071946e+00,8.656984437246189046e-01,3.182935665645506562e-01,-7.054762731183608637e-02,-3.617586559263685220e-01
8.853238941906277359e-01,-7.720548021409709416e-02,1.628832741051678301e+00,8.663141834668830477e-01,3.143769390258154273e-01,-7.086778279986187534e-02,-3.634962568495990198e-01
8.832974672415641049e-01,-8.435248462824122828e-02,1.627898862030587424e+00,8.668709794513489442e-01,3.174868720127647648e-01,-7.592108438820316385e-02,-3.589616738984464095e-01
8.756172945712489275e-01,-8.608082624218364731e-02,1.627039946506669832e+00,8.691420579619343334e-01,3.197672104926910230e-01,-7.268686457751791230e-02,-3.505471102236888958e-01
8.729910562132828789e-01,-8.258688984860476645e-02,1.626826232221916690e+00,8.725067330276845556e-01,3.173981296015073728e-01,-6.578785490333215191e-02,-3.459539954914113702e-01
8.724264007699430445e-01,-9.148652364284173832e-02,1.632816556008179543e+00,8.738223396616509042e-01,3.170512662642782087e-01,-5.711005379346167227e-02,-3.450689017306916573e-01
8.729556729807618209e-01,-9.489223865804022329e-02,1.628012414514851791e+00,8.742295910672325254e-01,3.177964169077030498e-01,-6.442478698998210795e-02,-3.415271097755313567e-01
8.691877062832420453e-01,-9.921510842883450587e-02,1.622849233334717534e+00,8.778469080394517565e-01,3.135105964592506678e-01,-5.746494698162421533e-02,-3.370318274812978410e-01
8.571938948710067230e-01,-9.868699721622421761e-02,1.610451161516853524e+00,8.801622737173252498e-01,3.123047898180388859e-01,-5.871366010807254482e-02,-3.338229380026330184e-01
8.541754910439135484e-01,-9.838652466658401319e-02,1.605744235767731398e+00,8.820504278131514608e-01,3.116605812098027228e-01,-5.619782147880572620e-02,-3.283084846331960072e-01
8.482727771821700902e-01,-9.763984914938007853e-02,1.603907119917935997e+00,8.833036843817672068e-01,3.098533466864052399e-01,-5.493522725128693190e-02,-3.270854790272512691e-01
8.513179351116869631e-01,-9.447495250439016945e-02,1.604897685786450978e+00,8.846527101801753279e-01,3.075743944721668344e-01,-5.830128561592239772e-02,-3.252265942545242705e-01
8.403545179374890539e-01,-9.857382165834933929e-02,1.601452580762962041e+00,8.825885602142106157e-01,3.087958696587907448e-01,-6.010792856620025826e-02,-3.284431385937974235e-01
8.361712129566148954e-01,-9.731310235212393966e-02,1.595554458501218686e+00,8.850211039555303527e-01,3.049655075423494677e-01,-5.795588084761950365e-02,-3.273761239402736556e-01
8.218932080971701470e-01,-9.002668394436290356e-02,1.591594084070969917e+00,8.837794529183767844e-01,3.011299525996549709e-01,-6.321734590749512883e-02,-3.327344522366909030e-01
8.111488137467633974e-01,-8.569577678387053921e-02,1.589945104251655472e+00,8.858712407709863346e-01,3.014723479227072178e-01,-6.309685847521560864e-02,-3.267912017221120125e-01
8.032582628271298653e-01,-8.127340191060448971e-02,1.589667551385446798e+00,8.867588318026496941e-01,2.931657588113837920e-01,-7.073853325344693632e-02,-3.307414114395525462e-01
7.956187549992276287e-01,-8.072882419634207218e-02,1.582849274187382527e+00,8.879124767810255836e-01,2.932528470891980210e-01,-7.095297491782803778e-02,-3.270049083232346998e-01
7.914880244704205481e-01,-7.608828268773618064e-02,1.588951545038309376e+00,8.918062168596142536e-01,2.908283429377335749e-01,-6.520034212860167933e-02,-3.205362116189059973e-01
7.919954559785268300e-01,-8.017842009466460973e-02,1.575395613987417232e+00,8.927805687861791739e-01,2.926417592603486328e-01,-7.287285825904647740e-02,-3.162121293978777392e-01
7.952840230345521455e-01,-8.231867865320746658e-02,1.565336434966501100e+00,8.934560637642101621e-01,2.883313852377001885e-01,-7.423915544935030808e-02,-3.152196669589688027e-01
7.899610056622010656e-01,-8.505819675316582396e-02,1.565103985329321601e+00,8.936873265455353987e-01,2.895103472514660714e-01,-7.155570771709880706e-02,-3.141891756634462851e-01
7.832847265254688773e-01,-8.768106144243643929e-02,1.559783299970813220e+00,8.948957970375991389e-01,2.902486973495562173e-01,-6.568403406736374184e-02,-3.120677619775320544e-01
7.754205700972885973e-01,-8.361895432001456574e-02,1.554003620684997644e+00,8.967059775185025616e-01,2.818563440836494016e-01,-6.834297804175032409e-02,-3.121581103736593699e-01
7.754745110069372060e-01,-8.160070475598321660e-02,1.555711274499176344e+00,9.003985996776809886e-01,2.762616489299844491e-01,-6.901367224594213978e-02,-3.080200345028646924e-01
7.713802771529397750e-01,-7.983308450379648924e-02,1.552405064613806562e+00,8.997357801216574469e-01,2.746155544185551745e-01,-6.936761980110053849e-02,-3.102783897155541593e-01
7.733191863725946691e-01,-7.943275015669229444e-02,1.553998027435153473e+00,9.001222282830093624e-01,2.748291256810228567e-01,-7.332661630773705530e-02,-3.082626792169126384e-01
7.710640477797894299e-01,-7.838443129809206933e-02,1.550387018975668774e+00,9.010907625075936789e-01,2.709011464933036573e-01,-7.052840385792433220e-02,-3.107407081117205538e-01
7.640264522512335565e-01,-8.545526205527373409e-02,1.552047035575422340e+00,9.009612811427486490e-01,2.677383195972112273e-01,-7.242921316934315679e-02,-3.128907125973410808e-01
7.593238917963887058e-01,-8.842515941917518385e-02,1.547527218277719108e+00,9.034432542516132036e-01,2.621832405494847196e-01,-7.122719048871951897e-02,-3.109147786566388016e-01
7.565397037867883645e-01,-8.859347616507846912e-02,1.540152422310979485e+00,9.039923120322248540e-01,2.568619414076834806e-01,-7.442840010154445907e-02,-3.110830679653178721e-01
7.486381519096871884e-01,-9.326888162210035527e-02,1.531803756737837086e+00,9.055088314987002063e-01,2.549271566501713493e-01,-7.199918377926314839e-02,-3.111348855594768814e-01
7.379645287127026831e-01,-1.015727254722377793e-01,1.524482954210746533e+00,9.081915801214616168e-01,2.547701740565138095e-01,-6.555636414088082675e-02,-3.051179777719694730e-01
7.254078075906098544e-01,-1.016977622693428784e-01,1.526041899353948406e+00,9.112704164231655302e-01,2.461725145758169031e-01,-6.248016102761765056e-02,-3.018986503695206269e-01
7.090963945452055661e-01,-1.041355683085504608e-01,1.509952454281117351e+00,9.133951202372913025e-01,2.424167824637072366e-01,-6.223831283819104138e-02,-2.991943639542337663e-01
7.043095030634355380e-01,-1.164579456180902389e-01,1.501437466901957229e+00,9.148592934870932725e-01,2.414915382270739208e-01,-5.404380290619818783e-02,-2.966760946240482033e-01
6.926100452397693230e-01,-1.114827910620490303e-01,1.500051481162327560e+00,9.151030127082590004e-01,2.419002859494177315e-01,-5.293110440688240936e-02,-2.964007937686832239e-01
7.021860525429831634e-01,-1.135530111124889302e-01,1.505412034330386728e+00,9.147768658158411670e-01,2.353969804901462348e-01,-5.078431862193383273e-02,-3.033629473835273149e-01
7.011535810617416375e-01,-1.136855994239744233e-01,1.504685700923159564e+00,9.152140215673432166e-01,2.287983283043119043e-01,-5.284148028765807414e-02,-3.066703801129819218e-01
7.031507149589055761e-01,-1.093906908946636475e-01,1.503956210171375263e+00,9.162446604368025271e-01,2.273830311266148152e-01,-5.298324248038556450e-02,-3.052036751013195159e-01
6.928494927301095396e-01,-1.178364368469694556e-01,1.493698267253241285e+00,9.195160151174407437e-01,2.214462776137368916e-01,-5.357707479092402303e-02,-2.982568908781886852e-01
6.852889936225464718e-01,-1.199801183835871587e-01,1.488580237560075181e+00,9.210502270228516641e-01,2.211630411234125904e-01,-5.340108536235466108e-02,-2.936402729171146420e-01
6.812436525838604373e-01,-1.196007367243732550e-01,1.482507883582000474e+00,9.239532773949757916e-01,2.214673415812234425e-01,-5.082286661929066862e-02,-2.851583945709212364e-01
6.754695090572647720e-01,-1.242602130320325515e-01,1.481287085219136213e+00,9.264101059552452000e-01,2.171967505559071476e-01,-5.116713333680012604e-02,-2.814318219174726243e-01
6.609840654587226805e-01,-1.333235824330538388e-01,1.486698397485462175e+00,9.270502327333601800e-01,2.143988443085160511e-01,-5.044129478485381152e-02,-2.806354925966191849e-01
6.508860784088751350e-01,-1.320917283372942674e-01,1.489376185082486925e+00,9.273092318744211582e-01,2.131443737655276671e-01,-4.675780670119392829e-02,-2.832611604099911085e-01
6.538570543851296435e-01,-1.346546038298509773e-01,1.490187794439671976e+00,9.268640835390643540e-01,2.071211279010038708e-01,-4.592685387576811440e-02,-2.863842905536067573e-01
6.465651122124908001e-01,-1.385386104142105335e-01,1.485187503401524278e+00,9.278150140696399539e-01,2.094307959505876671e-01,-4.310059724531919989e-02,-2.819414654455945080e-01
6.453685742887754762e-01,-1.399365751697173033e-01,1.479937928557308435e+00,9.298409533196824173e-01,2.037513858384718823e-01,-3.732755523826512128e-02,-2.802938492854120667e-01
6.407042847346637870e-01,-1.411681077302076870e-01,1.474884968390401063e+00,9.301620234529727194e-01,2.017869064877065299e-01,-3.468770432826471378e-02,-2.822040048814075663e-01
6.405239342448318940e-01,-1.428393042589551076e-01,1.471825575999173408e+00,9.320698712047644774e-01,2.020992649023172771e-01,-3.406691963365586495e-02,-2.753874508041512237e-01
6.338824339476801795e-01,-1.465638517845657407e-01,1.477137963455940062e+00,9.324659521850079402e-01,2.012902076527776918e-01,-3.471760541445814002e-02,-2.745473915974302459e-01
6.341383328118328500e-01,-1.433096625111884848e-01,1.472184513024151986e+00,9.334884701637897741e-01,1.986033979819737672e-01,-3.750282268678737513e-02,-2.737272903808999902e-01
6.430579473374733457e-01,-1.436404863363808515e-01,1.466659966466704379e+00,9.337502644437316590e-01,1.957267764360561824e-01,-3.829999928810374349e-02,-2.740530775122143603e-01
6.487386959244559881e-01,-1.399340990457720868e-01,1.464599139183699217e+00,9.337189937041495691e-01,1.921183377892115018e-01,-3.379949193818741066e-02,-2.748769719783780707e-01
