1.303800000000000070e+00,8.567000000000000171e-01,1.517099999999999893e+00,8.817000000000000393e-01,2.466000000000000136e-01,-9.410000000000000309e-02,-3.911999999999999922e-01
1.306300000000000017e+00,8.548000000000000043e-01,1.517500000000000071e+00,8.822999999999999732e-01,2.431000000000000105e-01,-9.229999999999999316e-02,-3.924000000000000266e-01
1.308799999999999963e+00,8.528000000000000025e-01,1.518100000000000005e+00,8.837000000000000410e-01,2.394999999999999907e-01,-9.099999999999999756e-02,-3.917999999999999816e-01
1.311199999999999921e+00,8.507000000000000117e-01,1.518599999999999950e+00,8.850999999999999979e-01,2.361999999999999933e-01,-8.980000000000000482e-02,-3.909000000000000252e-01
1.313700000000000090e+00,8.486000000000000210e-01,1.519200000000000106e+00,8.861999999999999877e-01,2.326000000000000012e-01,-8.930000000000000437e-02,-3.906000000000000028e-01
1.316100000000000048e+00,8.465000000000000302e-01,1.519800000000000040e+00,8.866000000000000547e-01,2.293000000000000038e-01,-8.939999999999999336e-02,-3.916999999999999926e-01
1.318999999999999950e+00,8.446000000000000174e-01,1.520299999999999985e+00,8.870999999999999996e-01,2.258000000000000007e-01,-8.939999999999999336e-02,-3.926000000000000045e-01
1.321199999999999930e+00,8.418999999999999817e-01,1.521200000000000108e+00,8.884999999999999565e-01,2.232000000000000095e-01,-8.959999999999999909e-02,-3.907999999999999807e-01
1.323700000000000099e+00,8.398999999999999799e-01,1.521700000000000053e+00,8.882999999999999785e-01,2.195999999999999897e-01,-9.049999999999999711e-02,-3.930000000000000160e-01
1.326300000000000034e+00,8.375000000000000222e-01,1.522599999999999953e+00,8.883999999999999675e-01,2.170999999999999874e-01,-8.989999999999999380e-02,-3.942999999999999838e-01
1.329099999999999948e+00,8.349999999999999645e-01,1.523600000000000065e+00,8.889000000000000234e-01,2.134000000000000064e-01,-8.959999999999999909e-02,-3.955000000000000182e-01
1.332000000000000073e+00,8.325000000000000178e-01,1.524399999999999977e+00,8.891999999999999904e-01,2.106000000000000094e-01,-8.899999999999999578e-02,-3.962999999999999856e-01
1.334300000000000042e+00,8.300999999999999490e-01,1.525500000000000078e+00,8.891999999999999904e-01,2.071000000000000063e-01,-8.930000000000000437e-02,-3.981999999999999984e-01
1.336999999999999966e+00,8.274000000000000243e-01,1.526499999999999968e+00,8.892999999999999794e-01,2.036999999999999922e-01,-8.849999999999999534e-02,-3.997999999999999887e-01
1.339900000000000091e+00,8.245999999999999996e-01,1.527600000000000069e+00,8.899000000000000243e-01,2.000000000000000111e-01,-8.790000000000000591e-02,-4.005000000000000226e-01
1.342700000000000005e+00,8.217999999999999750e-01,1.528499999999999970e+00,8.899000000000000243e-01,1.967000000000000137e-01,-8.799999999999999489e-02,-4.020000000000000240e-01
1.345399999999999929e+00,8.189999999999999503e-01,1.529800000000000049e+00,8.900000000000000133e-01,1.932999999999999996e-01,-8.770000000000000018e-02,-4.036000000000000143e-01
1.348000000000000087e+00,8.157999999999999696e-01,1.531099999999999905e+00,8.900000000000000133e-01,1.905999999999999917e-01,-8.790000000000000591e-02,-4.047999999999999932e-01
1.350600000000000023e+00,8.128999999999999559e-01,1.532299999999999995e+00,8.890000000000000124e-01,1.877000000000000057e-01,-8.859999999999999820e-02,-4.082000000000000073e-01
1.353099999999999969e+00,8.096999999999999753e-01,1.533500000000000085e+00,8.887000000000000455e-01,1.852000000000000035e-01,-8.880000000000000393e-02,-4.098999999999999866e-01
1.355499999999999927e+00,8.063000000000000167e-01,1.534899999999999931e+00,8.885999999999999455e-01,1.824000000000000066e-01,-8.939999999999999336e-02,-4.112000000000000099e-01
1.357900000000000107e+00,8.027999999999999581e-01,1.536200000000000010e+00,8.881999999999999895e-01,1.804000000000000048e-01,-8.999999999999999667e-02,-4.128999999999999893e-01
1.360200000000000076e+00,7.993000000000000105e-01,1.537600000000000078e+00,8.874999999999999556e-01,1.786000000000000087e-01,-9.070000000000000284e-02,-4.148999999999999910e-01
1.362700000000000022e+00,7.956999999999999629e-01,1.539099999999999913e+00,8.864999999999999547e-01,1.763000000000000123e-01,-9.149999999999999800e-02,-4.179999999999999827e-01
1.364999999999999991e+00,7.919000000000000483e-01,1.540499999999999980e+00,8.862999999999999767e-01,1.751000000000000056e-01,-9.139999999999999514e-02,-4.188000000000000056e-01
1.367099999999999982e+00,7.882000000000000117e-01,1.542000000000000037e+00,8.858000000000000318e-01,1.733000000000000096e-01,-9.189999999999999558e-02,-4.204999999999999849e-01
1.369299999999999962e+00,7.842999999999999972e-01,1.543500000000000094e+00,8.852999999999999758e-01,1.716999999999999915e-01,-9.220000000000000417e-02,-4.222000000000000197e-01
1.371199999999999974e+00,7.804999999999999716e-01,1.544799999999999951e+00,8.838000000000000300e-01,1.698999999999999955e-01,-9.320000000000000506e-02,-4.258000000000000118e-01
1.373099999999999987e+00,7.760000000000000231e-01,1.546200000000000019e+00,8.841999999999999860e-01,1.691999999999999893e-01,-9.329999999999999405e-02,-4.252000000000000224e-01
1.374500000000000055e+00,7.721000000000000085e-01,1.547500000000000098e+00,8.826000000000000512e-01,1.685999999999999999e-01,-9.479999999999999538e-02,-4.284999999999999920e-01
1.376200000000000090e+00,7.680000000000000160e-01,1.548799999999999955e+00,8.812999999999999723e-01,1.690000000000000113e-01,-9.619999999999999385e-02,-4.308000000000000163e-01
1.377499999999999947e+00,7.631000000000000005e-01,1.550200000000000022e+00,8.804999999999999494e-01,1.700000000000000122e-01,-9.729999999999999760e-02,-4.316999999999999726e-01
1.378800000000000026e+00,7.586000000000000520e-01,1.551399999999999890e+00,8.790000000000000036e-01,1.708999999999999964e-01,-9.859999999999999321e-02,-4.341999999999999749e-01
1.379999999999999893e+00,7.538000000000000256e-01,1.552599999999999980e+00,8.780999999999999917e-01,1.721999999999999920e-01,-9.990000000000000269e-02,-4.351999999999999758e-01
1.380900000000000016e+00,7.490999999999999881e-01,1.553700000000000081e+00,8.760999999999999899e-01,1.741000000000000048e-01,-1.016999999999999987e-01,-4.380000000000000004e-01
1.381999999999999895e+00,7.441999999999999726e-01,1.555099999999999927e+00,8.750999999999999890e-01,1.751999999999999946e-01,-1.030999999999999972e-01,-4.390999999999999903e-01
1.383000000000000007e+00,7.389999999999999902e-01,1.556200000000000028e+00,8.749000000000000110e-01,1.764999999999999902e-01,-1.038000000000000034e-01,-4.388000000000000234e-01
1.383699999999999930e+00,7.341999999999999638e-01,1.557299999999999907e+00,8.733999999999999542e-01,1.781000000000000083e-01,-1.052000000000000018e-01,-4.408000000000000251e-01
1.384200000000000097e+00,7.290999999999999703e-01,1.558200000000000029e+00,8.725000000000000533e-01,1.799000000000000044e-01,-1.063999999999999946e-01,-4.416999999999999815e-01
1.384800000000000031e+00,7.241999999999999549e-01,1.559199999999999919e+00,8.709999999999999964e-01,1.824999999999999956e-01,-1.076000000000000012e-01,-4.433000000000000274e-01
1.385000000000000009e+00,7.190999999999999615e-01,1.560200000000000031e+00,8.698000000000000176e-01,1.850999999999999868e-01,-1.093999999999999972e-01,-4.440999999999999948e-01
1.385599999999999943e+00,7.136000000000000121e-01,1.561299999999999910e+00,8.693999999999999506e-01,1.885999999999999899e-01,-1.102999999999999953e-01,-4.431999999999999829e-01
1.385599999999999943e+00,7.085000000000000187e-01,1.562300000000000022e+00,8.677000000000000268e-01,1.917000000000000093e-01,-1.123999999999999999e-01,-4.445999999999999952e-01
1.385899999999999910e+00,7.035000000000000142e-01,1.563199999999999923e+00,8.660999999999999810e-01,1.950000000000000067e-01,-1.145999999999999935e-01,-4.456999999999999851e-01
1.385899999999999910e+00,6.985000000000000098e-01,1.564100000000000046e+00,8.645000000000000462e-01,1.975000000000000089e-01,-1.166999999999999982e-01,-4.471999999999999864e-01
1.385799999999999921e+00,6.935000000000000053e-01,1.565199999999999925e+00,8.631999999999999673e-01,2.006999999999999895e-01,-1.184999999999999942e-01,-4.479000000000000203e-01
1.385799999999999921e+00,6.886999999999999789e-01,1.566000000000000059e+00,8.618000000000000105e-01,2.031000000000000028e-01,-1.197000000000000008e-01,-4.490999999999999992e-01
1.385499999999999954e+00,6.835999999999999854e-01,1.566999999999999948e+00,8.614000000000000545e-01,2.056000000000000050e-01,-1.208999999999999936e-01,-4.484000000000000208e-01
1.385299999999999976e+00,6.785999999999999810e-01,1.567700000000000093e+00,8.601999999999999647e-01,2.074000000000000010e-01,-1.218000000000000055e-01,-4.495999999999999996e-01
1.384600000000000053e+00,6.739000000000000545e-01,1.568500000000000005e+00,8.588000000000000078e-01,2.106000000000000094e-01,-1.237999999999999934e-01,-4.502999999999999781e-01
1.384100000000000108e+00,6.691000000000000281e-01,1.569399999999999906e+00,8.574000000000000510e-01,2.137000000000000011e-01,-1.260000000000000009e-01,-4.510000000000000120e-01
1.383099999999999996e+00,6.643000000000000016e-01,1.570100000000000051e+00,8.562999999999999501e-01,2.170999999999999874e-01,-1.283999999999999864e-01,-4.506999999999999895e-01
1.382300000000000084e+00,6.594999999999999751e-01,1.570799999999999974e+00,8.552999999999999492e-01,2.209000000000000130e-01,-1.313000000000000000e-01,-4.499000000000000221e-01
1.381399999999999961e+00,6.549000000000000377e-01,1.571700000000000097e+00,8.544000000000000483e-01,2.245000000000000051e-01,-1.343999999999999917e-01,-4.490000000000000102e-01
1.380700000000000038e+00,6.503999999999999782e-01,1.572400000000000020e+00,8.536000000000000254e-01,2.286999999999999866e-01,-1.378000000000000058e-01,-4.474000000000000199e-01
1.379399999999999959e+00,6.459000000000000297e-01,1.573099999999999943e+00,8.526000000000000245e-01,2.323000000000000065e-01,-1.409999999999999865e-01,-4.464000000000000190e-01
1.378100000000000103e+00,6.415999999999999481e-01,1.573700000000000099e+00,8.515000000000000346e-01,2.356999999999999929e-01,-1.449000000000000010e-01,-4.452999999999999736e-01
1.376900000000000013e+00,6.372999999999999776e-01,1.574400000000000022e+00,8.512999999999999456e-01,2.391000000000000070e-01,-1.486999999999999988e-01,-4.428000000000000269e-01
1.375599999999999934e+00,6.329000000000000181e-01,1.575099999999999945e+00,8.508999999999999897e-01,2.426999999999999991e-01,-1.529000000000000081e-01,-4.401999999999999802e-01
1.373799999999999910e+00,6.289000000000000146e-01,1.575499999999999901e+00,8.497999999999999998e-01,2.456000000000000127e-01,-1.575999999999999901e-01,-4.389000000000000123e-01
1.372000000000000108e+00,6.246000000000000441e-01,1.576200000000000045e+00,8.490999999999999659e-01,2.489000000000000101e-01,-1.615999999999999936e-01,-4.369999999999999996e-01
1.370300000000000074e+00,6.207000000000000295e-01,1.576899999999999968e+00,8.484000000000000430e-01,2.531999999999999806e-01,-1.645000000000000073e-01,-4.349000000000000088e-01
1.368500000000000050e+00,6.168000000000000149e-01,1.577599999999999891e+00,8.474000000000000421e-01,2.571999999999999842e-01,-1.668000000000000038e-01,-4.335999999999999854e-01
1.366600000000000037e+00,6.128000000000000114e-01,1.578300000000000036e+00,8.466000000000000192e-01,2.620999999999999996e-01,-1.685000000000000109e-01,-4.314999999999999947e-01
1.364700000000000024e+00,6.088999999999999968e-01,1.578799999999999981e+00,8.459999999999999742e-01,2.667999999999999816e-01,-1.698999999999999955e-01,-4.292000000000000259e-01
1.362000000000000099e+00,6.049999999999999822e-01,1.579599999999999893e+00,8.447999999999999954e-01,2.708999999999999742e-01,-1.705000000000000127e-01,-4.288000000000000145e-01
1.360000000000000098e+00,6.014000000000000457e-01,1.580300000000000038e+00,8.434000000000000385e-01,2.745000000000000218e-01,-1.721999999999999920e-01,-4.287000000000000255e-01
1.357900000000000107e+00,5.976000000000000201e-01,1.580899999999999972e+00,8.417999999999999927e-01,2.780000000000000249e-01,-1.744999999999999885e-01,-4.285999999999999810e-01
1.355900000000000105e+00,5.938999999999999835e-01,1.581299999999999928e+00,8.399999999999999689e-01,2.812000000000000055e-01,-1.769000000000000017e-01,-4.289000000000000035e-01
1.353599999999999914e+00,5.904000000000000359e-01,1.581800000000000095e+00,8.377999999999999892e-01,2.846000000000000196e-01,-1.796000000000000096e-01,-4.299999999999999933e-01
1.351499999999999924e+00,5.867999999999999883e-01,1.582300000000000040e+00,8.368999999999999773e-01,2.887000000000000122e-01,-1.809999999999999942e-01,-4.283000000000000140e-01
1.349099999999999966e+00,5.834000000000000297e-01,1.582600000000000007e+00,8.347999999999999865e-01,2.931000000000000272e-01,-1.832000000000000017e-01,-4.284999999999999920e-01
1.346400000000000041e+00,5.802000000000000490e-01,1.582799999999999985e+00,8.329999999999999627e-01,2.968999999999999972e-01,-1.844999999999999973e-01,-4.289000000000000035e-01
1.343599999999999905e+00,5.769999999999999574e-01,1.583099999999999952e+00,8.306999999999999940e-01,3.023000000000000131e-01,-1.862999999999999934e-01,-4.288000000000000145e-01
1.341099999999999959e+00,5.736999999999999877e-01,1.583199999999999941e+00,8.286999999999999922e-01,3.069999999999999951e-01,-1.875999999999999890e-01,-4.288000000000000145e-01
1.338200000000000056e+00,5.707999999999999741e-01,1.583299999999999930e+00,8.270999999999999464e-01,3.114999999999999991e-01,-1.885000000000000009e-01,-4.282000000000000250e-01
1.335399999999999920e+00,5.675999999999999934e-01,1.583700000000000108e+00,8.245999999999999996e-01,3.163000000000000256e-01,-1.899000000000000132e-01,-4.287000000000000255e-01
1.332600000000000007e+00,5.643000000000000238e-01,1.584000000000000075e+00,8.225999999999999979e-01,3.210999999999999965e-01,-1.912999999999999978e-01,-4.285999999999999810e-01
1.330000000000000071e+00,5.607999999999999652e-01,1.584400000000000031e+00,8.206999999999999851e-01,3.269000000000000239e-01,-1.930999999999999939e-01,-4.269999999999999907e-01
1.327099999999999946e+00,5.577999999999999625e-01,1.584699999999999998e+00,8.177999999999999714e-01,3.318999999999999728e-01,-1.958000000000000018e-01,-4.274000000000000021e-01
1.324100000000000055e+00,5.546999999999999709e-01,1.584699999999999998e+00,8.152000000000000357e-01,3.365000000000000213e-01,-1.985999999999999988e-01,-4.274999999999999911e-01
1.321099999999999941e+00,5.517999999999999572e-01,1.584799999999999986e+00,8.133000000000000229e-01,3.413999999999999813e-01,-2.003000000000000058e-01,-4.264000000000000012e-01
1.318400000000000016e+00,5.487999999999999545e-01,1.584899999999999975e+00,8.118999999999999551e-01,3.466000000000000192e-01,-2.020000000000000129e-01,-4.242000000000000215e-01
1.315299999999999914e+00,5.461000000000000298e-01,1.584799999999999986e+00,8.094999999999999973e-01,3.512000000000000122e-01,-2.051000000000000045e-01,-4.234999999999999876e-01
1.312500000000000000e+00,5.429000000000000492e-01,1.584699999999999998e+00,8.078999999999999515e-01,3.563999999999999946e-01,-2.071000000000000063e-01,-4.212000000000000188e-01
1.309700000000000086e+00,5.400000000000000355e-01,1.584799999999999986e+00,8.056999999999999718e-01,3.622000000000000219e-01,-2.096000000000000085e-01,-4.192000000000000171e-01
1.306499999999999995e+00,5.372000000000000108e-01,1.584699999999999998e+00,8.028999999999999471e-01,3.678000000000000158e-01,-2.122999999999999887e-01,-4.183000000000000052e-01
1.303600000000000092e+00,5.342999999999999972e-01,1.584699999999999998e+00,7.995999999999999774e-01,3.741999999999999771e-01,-2.152000000000000024e-01,-4.174999999999999822e-01
1.300799999999999956e+00,5.313999999999999835e-01,1.584899999999999975e+00,7.966999999999999638e-01,3.804000000000000159e-01,-2.167999999999999927e-01,-4.166000000000000258e-01
1.298100000000000032e+00,5.284999999999999698e-01,1.584899999999999975e+00,7.931000000000000272e-01,3.864000000000000212e-01,-2.192000000000000060e-01,-4.166000000000000258e-01
1.295500000000000096e+00,5.256999999999999451e-01,1.585099999999999953e+00,7.890000000000000346e-01,3.922999999999999821e-01,-2.218999999999999861e-01,-4.176000000000000267e-01
1.293299999999999894e+00,5.227000000000000535e-01,1.584999999999999964e+00,7.864999999999999769e-01,3.967999999999999861e-01,-2.227000000000000091e-01,-4.176000000000000267e-01
1.290799999999999947e+00,5.201000000000000068e-01,1.584999999999999964e+00,7.836999999999999522e-01,4.010000000000000231e-01,-2.243999999999999884e-01,-4.178999999999999937e-01
1.288499999999999979e+00,5.175999999999999490e-01,1.584899999999999975e+00,7.815999999999999615e-01,4.047000000000000042e-01,-2.248999999999999888e-01,-4.178999999999999937e-01
1.286200000000000010e+00,5.151999999999999913e-01,1.584799999999999986e+00,7.802000000000000046e-01,4.082000000000000073e-01,-2.250999999999999945e-01,-4.171000000000000263e-01
1.283900000000000041e+00,5.127000000000000446e-01,1.584300000000000042e+00,7.793999999999999817e-01,4.122999999999999998e-01,-2.245000000000000051e-01,-4.149999999999999800e-01
1.281400000000000095e+00,5.102999999999999758e-01,1.584100000000000064e+00,7.779000000000000359e-01,4.161000000000000254e-01,-2.245999999999999941e-01,-4.138999999999999901e-01
1.278999999999999915e+00,5.078000000000000291e-01,1.583800000000000097e+00,7.755999999999999561e-01,4.205999999999999739e-01,-2.248999999999999888e-01,-4.133999999999999897e-01
1.276899999999999924e+00,5.051999999999999824e-01,1.583599999999999897e+00,7.725999999999999535e-01,4.259999999999999898e-01,-2.258000000000000007e-01,-4.129999999999999782e-01
1.274599999999999955e+00,5.028000000000000247e-01,1.583399999999999919e+00,7.687000000000000499e-01,4.314000000000000057e-01,-2.273999999999999910e-01,-4.138999999999999901e-01
1.272599999999999953e+00,5.002999999999999670e-01,1.583199999999999941e+00,7.648000000000000353e-01,4.365999999999999881e-01,-2.291999999999999871e-01,-4.146000000000000241e-01
1.270699999999999941e+00,4.978000000000000203e-01,1.583199999999999941e+00,7.613999999999999657e-01,4.409000000000000141e-01,-2.306999999999999884e-01,-4.154999999999999805e-01
1.268899999999999917e+00,4.954999999999999960e-01,1.582899999999999974e+00,7.580999999999999961e-01,4.447999999999999732e-01,-2.323000000000000065e-01,-4.163999999999999924e-01
1.266899999999999915e+00,4.933000000000000163e-01,1.582500000000000018e+00,7.553999999999999604e-01,4.480000000000000093e-01,-2.338000000000000078e-01,-4.172000000000000153e-01
1.264799999999999924e+00,4.909999999999999920e-01,1.581900000000000084e+00,7.530999999999999917e-01,4.504000000000000226e-01,-2.353000000000000091e-01,-4.178000000000000047e-01
1.263500000000000068e+00,4.888000000000000123e-01,1.581800000000000095e+00,7.516000000000000458e-01,4.554000000000000270e-01,-2.341999999999999915e-01,-4.158000000000000029e-01
1.261900000000000022e+00,4.865999999999999770e-01,1.581399999999999917e+00,7.492999999999999661e-01,4.596000000000000085e-01,-2.341999999999999915e-01,-4.152000000000000135e-01
1.260000000000000009e+00,4.842000000000000193e-01,1.580899999999999972e+00,7.459999999999999964e-01,4.637999999999999901e-01,-2.358999999999999986e-01,-4.157000000000000139e-01
1.258599999999999941e+00,4.818000000000000060e-01,1.580200000000000049e+00,7.426000000000000378e-01,4.694999999999999729e-01,-2.373999999999999999e-01,-4.143999999999999906e-01
1.257100000000000106e+00,4.793999999999999928e-01,1.579700000000000104e+00,7.389000000000000012e-01,4.748999999999999888e-01,-2.393000000000000127e-01,-4.138000000000000012e-01
1.255800000000000027e+00,4.771000000000000241e-01,1.579099999999999948e+00,7.349999999999999867e-01,4.798000000000000043e-01,-2.414999999999999925e-01,-4.138999999999999901e-01
1.254399999999999959e+00,4.749999999999999778e-01,1.578400000000000025e+00,7.310999999999999721e-01,4.838999999999999968e-01,-2.434999999999999942e-01,-4.147000000000000131e-01
1.253400000000000070e+00,4.726000000000000201e-01,1.577800000000000091e+00,7.285000000000000364e-01,4.878000000000000114e-01,-2.437000000000000000e-01,-4.147000000000000131e-01
1.252299999999999969e+00,4.702999999999999958e-01,1.576999999999999957e+00,7.260999999999999677e-01,4.915999999999999814e-01,-2.431999999999999995e-01,-4.146000000000000241e-01
1.251300000000000079e+00,4.678999999999999826e-01,1.576100000000000056e+00,7.233000000000000540e-01,4.956999999999999740e-01,-2.426000000000000101e-01,-4.151000000000000245e-01
1.250699999999999923e+00,4.657000000000000028e-01,1.575299999999999923e+00,7.207000000000000073e-01,5.001999999999999780e-01,-2.412999999999999867e-01,-4.149999999999999800e-01
1.249800000000000022e+00,4.632000000000000006e-01,1.574400000000000022e+00,7.173000000000000487e-01,5.052999999999999714e-01,-2.406999999999999973e-01,-4.149999999999999800e-01
1.249200000000000088e+00,4.608999999999999764e-01,1.573299999999999921e+00,7.134000000000000341e-01,5.100000000000000089e-01,-2.407999999999999863e-01,-4.158999999999999919e-01
1.248599999999999932e+00,4.586000000000000076e-01,1.572200000000000042e+00,7.108999999999999764e-01,5.147000000000000464e-01,-2.403000000000000136e-01,-4.147000000000000131e-01
1.248299999999999965e+00,4.563999999999999724e-01,1.570999999999999952e+00,7.086999999999999966e-01,5.188000000000000389e-01,-2.399000000000000021e-01,-4.136000000000000232e-01
1.248199999999999976e+00,4.541999999999999926e-01,1.570100000000000051e+00,7.073000000000000398e-01,5.227000000000000535e-01,-2.389000000000000012e-01,-4.117000000000000104e-01
1.247800000000000020e+00,4.521000000000000019e-01,1.568699999999999983e+00,7.053000000000000380e-01,5.258000000000000451e-01,-2.389000000000000012e-01,-4.109999999999999765e-01
1.247700000000000031e+00,4.500000000000000111e-01,1.567399999999999904e+00,7.030999999999999472e-01,5.300000000000000266e-01,-2.388000000000000123e-01,-4.094999999999999751e-01
1.247800000000000020e+00,4.479000000000000203e-01,1.566300000000000026e+00,7.008999999999999675e-01,5.352999999999999980e-01,-2.376999999999999946e-01,-4.069999999999999729e-01
1.247700000000000031e+00,4.459000000000000186e-01,1.564999999999999947e+00,6.975999999999999979e-01,5.407999999999999474e-01,-2.379000000000000004e-01,-4.052999999999999936e-01
1.248099999999999987e+00,4.436999999999999833e-01,1.563600000000000101e+00,6.944000000000000172e-01,5.464999999999999858e-01,-2.379000000000000004e-01,-4.031000000000000139e-01
1.248499999999999943e+00,4.416999999999999815e-01,1.562000000000000055e+00,6.897999999999999687e-01,5.516999999999999682e-01,-2.399000000000000021e-01,-4.027000000000000024e-01
1.249200000000000088e+00,4.396999999999999797e-01,1.560499999999999998e+00,6.868999999999999551e-01,5.564000000000000057e-01,-2.411000000000000087e-01,-4.006000000000000116e-01
1.249500000000000055e+00,4.380000000000000004e-01,1.559299999999999908e+00,6.824999999999999956e-01,5.616999999999999771e-01,-2.431000000000000105e-01,-3.995000000000000218e-01
1.250299999999999967e+00,4.361999999999999766e-01,1.557900000000000063e+00,6.800000000000000488e-01,5.656999999999999806e-01,-2.447999999999999898e-01,-3.971000000000000085e-01
1.250899999999999901e+00,4.348000000000000198e-01,1.556400000000000006e+00,6.774000000000000021e-01,5.685000000000000053e-01,-2.474999999999999978e-01,-3.957999999999999852e-01
1.252099999999999991e+00,4.334000000000000075e-01,1.554799999999999960e+00,6.761000000000000343e-01,5.719999999999999529e-01,-2.487999999999999934e-01,-3.921000000000000041e-01
1.252899999999999903e+00,4.321999999999999731e-01,1.553099999999999925e+00,6.743999999999999995e-01,5.745000000000000107e-01,-2.513000000000000234e-01,-3.897999999999999798e-01
1.254099999999999993e+00,4.309000000000000052e-01,1.551500000000000101e+00,6.733999999999999986e-01,5.776000000000000023e-01,-2.530000000000000027e-01,-3.860000000000000098e-01
1.255200000000000093e+00,4.295999999999999819e-01,1.549900000000000055e+00,6.714999999999999858e-01,5.806999999999999940e-01,-2.555999999999999939e-01,-3.826999999999999846e-01
1.256499999999999950e+00,4.284000000000000030e-01,1.548200000000000021e+00,6.693000000000000060e-01,5.842000000000000526e-01,-2.584000000000000186e-01,-3.795000000000000040e-01
1.257700000000000040e+00,4.272000000000000242e-01,1.546399999999999997e+00,6.663000000000000034e-01,5.872000000000000552e-01,-2.621999999999999886e-01,-3.775000000000000022e-01
1.259600000000000053e+00,4.262000000000000233e-01,1.544999999999999929e+00,6.645999999999999686e-01,5.907000000000000028e-01,-2.632999999999999785e-01,-3.741999999999999771e-01
1.261300000000000088e+00,4.250999999999999779e-01,1.543400000000000105e+00,6.627999999999999448e-01,5.929999999999999716e-01,-2.661999999999999922e-01,-3.719000000000000083e-01
1.262999999999999901e+00,4.243000000000000105e-01,1.541900000000000048e+00,6.615999999999999659e-01,5.941999999999999504e-01,-2.688999999999999724e-01,-3.700999999999999845e-01
1.264699999999999935e+00,4.235999999999999766e-01,1.540300000000000002e+00,6.612000000000000099e-01,5.947000000000000064e-01,-2.712999999999999856e-01,-3.682000000000000273e-01
1.266499999999999959e+00,4.228999999999999981e-01,1.538699999999999957e+00,6.619000000000000439e-01,5.940999999999999615e-01,-2.733999999999999764e-01,-3.664999999999999925e-01
1.268599999999999950e+00,4.223999999999999977e-01,1.537099999999999911e+00,6.635999999999999677e-01,5.935000000000000275e-01,-2.737999999999999878e-01,-3.638000000000000123e-01
1.270399999999999974e+00,4.218000000000000083e-01,1.535300000000000109e+00,6.649000000000000465e-01,5.917000000000000037e-01,-2.762999999999999901e-01,-3.625999999999999779e-01
1.272599999999999953e+00,4.210999999999999743e-01,1.533800000000000052e+00,6.666999999999999593e-01,5.906000000000000139e-01,-2.768999999999999795e-01,-3.605999999999999761e-01
1.274499999999999966e+00,4.204999999999999849e-01,1.532200000000000006e+00,6.681000000000000272e-01,5.886000000000000121e-01,-2.787999999999999923e-01,-3.598000000000000087e-01
1.276499999999999968e+00,4.198000000000000065e-01,1.530499999999999972e+00,6.693000000000000060e-01,5.876000000000000112e-01,-2.801000000000000156e-01,-3.583999999999999964e-01
1.278699999999999948e+00,4.190999999999999726e-01,1.528799999999999937e+00,6.709000000000000519e-01,5.860999999999999543e-01,-2.807999999999999940e-01,-3.570999999999999730e-01
1.280599999999999961e+00,4.182000000000000162e-01,1.526999999999999913e+00,6.721000000000000307e-01,5.847999999999999865e-01,-2.822000000000000064e-01,-3.559999999999999831e-01
1.282799999999999940e+00,4.173999999999999932e-01,1.525400000000000089e+00,6.741000000000000325e-01,5.834000000000000297e-01,-2.818999999999999839e-01,-3.544999999999999818e-01
1.284799999999999942e+00,4.164999999999999813e-01,1.523400000000000087e+00,6.764000000000000012e-01,5.814000000000000279e-01,-2.822000000000000064e-01,-3.533000000000000029e-01
1.286999999999999922e+00,4.154999999999999805e-01,1.521800000000000042e+00,6.787999999999999590e-01,5.794000000000000261e-01,-2.818999999999999839e-01,-3.522000000000000131e-01
1.288999999999999924e+00,4.144999999999999796e-01,1.519800000000000040e+00,6.812000000000000277e-01,5.776000000000000023e-01,-2.813999999999999835e-01,-3.509999999999999787e-01
1.290999999999999925e+00,4.133999999999999897e-01,1.518100000000000005e+00,6.834999999999999964e-01,5.755000000000000115e-01,-2.807000000000000051e-01,-3.504999999999999782e-01
1.292799999999999949e+00,4.121000000000000218e-01,1.516299999999999981e+00,6.857999999999999652e-01,5.729999999999999538e-01,-2.800000000000000266e-01,-3.506000000000000227e-01
1.294599999999999973e+00,4.107000000000000095e-01,1.514499999999999957e+00,6.879999999999999449e-01,5.706999999999999851e-01,-2.792999999999999927e-01,-3.506000000000000227e-01
1.296499999999999986e+00,4.091000000000000192e-01,1.512799999999999923e+00,6.902000000000000357e-01,5.685999999999999943e-01,-2.787000000000000033e-01,-3.501000000000000223e-01
1.298200000000000021e+00,4.076000000000000179e-01,1.510999999999999899e+00,6.922000000000000375e-01,5.665000000000000036e-01,-2.780000000000000249e-01,-3.503000000000000003e-01
1.300100000000000033e+00,4.058999999999999830e-01,1.509400000000000075e+00,6.947999999999999732e-01,5.646999999999999797e-01,-2.758999999999999786e-01,-3.497000000000000108e-01
1.301600000000000090e+00,4.041000000000000147e-01,1.507500000000000062e+00,6.965000000000000080e-01,5.625999999999999890e-01,-2.757000000000000006e-01,-3.497999999999999998e-01
1.303299999999999903e+00,4.022000000000000020e-01,1.505800000000000027e+00,6.985000000000000098e-01,5.607999999999999652e-01,-2.745000000000000218e-01,-3.497000000000000108e-01
1.304799999999999960e+00,4.000000000000000222e-01,1.504099999999999993e+00,7.005000000000000115e-01,5.588999999999999524e-01,-2.736999999999999988e-01,-3.493999999999999884e-01
1.306300000000000017e+00,3.977999999999999869e-01,1.502499999999999947e+00,7.020999999999999464e-01,5.568999999999999506e-01,-2.730000000000000204e-01,-3.497000000000000108e-01
1.307700000000000085e+00,3.955000000000000182e-01,1.500899999999999901e+00,7.040999999999999481e-01,5.551000000000000378e-01,-2.721000000000000085e-01,-3.493999999999999884e-01
1.308799999999999963e+00,3.929000000000000270e-01,1.499100000000000099e+00,7.054000000000000270e-01,5.528999999999999471e-01,-2.726000000000000090e-01,-3.497999999999999998e-01
1.310400000000000009e+00,3.901999999999999913e-01,1.497800000000000020e+00,7.075000000000000178e-01,5.516999999999999682e-01,-2.708999999999999742e-01,-3.488999999999999879e-01
1.311299999999999910e+00,3.876000000000000001e-01,1.496199999999999974e+00,7.076999999999999957e-01,5.503000000000000114e-01,-2.722999999999999865e-01,-3.496000000000000218e-01
1.312200000000000033e+00,3.846999999999999864e-01,1.494599999999999929e+00,7.083000000000000407e-01,5.493999999999999995e-01,-2.723999999999999755e-01,-3.497999999999999998e-01
1.313600000000000101e+00,3.815999999999999948e-01,1.493000000000000105e+00,7.093000000000000416e-01,5.485999999999999766e-01,-2.721000000000000085e-01,-3.492999999999999994e-01
1.314400000000000013e+00,3.785000000000000031e-01,1.491500000000000048e+00,7.102000000000000535e-01,5.479000000000000536e-01,-2.713999999999999746e-01,-3.491000000000000214e-01
1.315399999999999903e+00,3.751999999999999780e-01,1.490099999999999980e+00,7.116999999999999993e-01,5.473999999999999977e-01,-2.696000000000000063e-01,-3.479999999999999760e-01
1.315600000000000103e+00,3.719999999999999973e-01,1.488299999999999956e+00,7.117999999999999883e-01,5.463000000000000078e-01,-2.702999999999999847e-01,-3.491000000000000214e-01
1.316599999999999993e+00,3.684000000000000052e-01,1.487100000000000088e+00,7.137000000000000011e-01,5.452000000000000179e-01,-2.679000000000000270e-01,-3.488999999999999879e-01
1.316999999999999948e+00,3.649000000000000021e-01,1.485600000000000032e+00,7.140999999999999570e-01,5.439000000000000501e-01,-2.672999999999999821e-01,-3.504999999999999782e-01
1.317299999999999915e+00,3.613000000000000100e-01,1.484399999999999942e+00,7.144000000000000350e-01,5.433000000000000052e-01,-2.665000000000000147e-01,-3.513999999999999901e-01
1.316999999999999948e+00,3.575999999999999734e-01,1.482799999999999896e+00,7.130999999999999561e-01,5.425999999999999712e-01,-2.681000000000000050e-01,-3.538999999999999924e-01
1.316999999999999948e+00,3.538999999999999924e-01,1.481400000000000050e+00,7.128999999999999782e-01,5.416999999999999593e-01,-2.676000000000000045e-01,-3.558999999999999941e-01
1.317199999999999926e+00,3.499999999999999778e-01,1.480199999999999960e+00,7.134000000000000341e-01,5.413000000000000034e-01,-2.659000000000000252e-01,-3.568999999999999950e-01
1.317099999999999937e+00,3.461000000000000187e-01,1.478900000000000103e+00,7.139999999999999680e-01,5.405999999999999694e-01,-2.646000000000000019e-01,-3.575999999999999734e-01
1.316999999999999948e+00,3.422000000000000042e-01,1.477600000000000025e+00,7.151999999999999469e-01,5.397999999999999465e-01,-2.632999999999999785e-01,-3.574999999999999845e-01
1.316699999999999982e+00,3.382999999999999896e-01,1.476299999999999946e+00,7.164000000000000368e-01,5.383999999999999897e-01,-2.615000000000000102e-01,-3.584999999999999853e-01
1.316100000000000048e+00,3.345000000000000195e-01,1.475000000000000089e+00,7.173000000000000487e-01,5.366999999999999549e-01,-2.611999999999999877e-01,-3.594999999999999862e-01
1.315700000000000092e+00,3.304000000000000270e-01,1.473899999999999988e+00,7.190999999999999615e-01,5.354999999999999760e-01,-2.596999999999999864e-01,-3.588000000000000078e-01
1.314799999999999969e+00,3.264000000000000234e-01,1.472399999999999931e+00,7.197999999999999954e-01,5.336999999999999522e-01,-2.600000000000000089e-01,-3.597000000000000197e-01
1.314300000000000024e+00,3.224000000000000199e-01,1.471200000000000063e+00,7.220999999999999641e-01,5.322999999999999954e-01,-2.581999999999999851e-01,-3.584999999999999853e-01
1.313299999999999912e+00,3.185000000000000053e-01,1.469999999999999973e+00,7.237999999999999989e-01,5.304999999999999716e-01,-2.577999999999999736e-01,-3.580999999999999739e-01
1.312300000000000022e+00,3.145000000000000018e-01,1.468699999999999894e+00,7.255000000000000338e-01,5.284999999999999698e-01,-2.574000000000000177e-01,-3.578999999999999959e-01
1.311099999999999932e+00,3.104999999999999982e-01,1.467600000000000016e+00,7.269999999999999796e-01,5.270000000000000240e-01,-2.565999999999999948e-01,-3.577000000000000179e-01
1.310400000000000009e+00,3.064999999999999947e-01,1.466800000000000104e+00,7.286000000000000254e-01,5.254999999999999671e-01,-2.554000000000000159e-01,-3.573999999999999955e-01
1.308999999999999941e+00,3.024999999999999911e-01,1.465600000000000014e+00,7.289999999999999813e-01,5.231999999999999984e-01,-2.565000000000000058e-01,-3.592000000000000193e-01
1.308400000000000007e+00,2.987000000000000210e-01,1.465100000000000069e+00,7.308999999999999941e-01,5.217000000000000526e-01,-2.540999999999999925e-01,-3.592000000000000193e-01
1.306899999999999951e+00,2.948000000000000065e-01,1.463999999999999968e+00,7.324000000000000510e-01,5.201999999999999957e-01,-2.535999999999999921e-01,-3.588000000000000078e-01
1.305500000000000105e+00,2.909999999999999809e-01,1.463000000000000078e+00,7.342999999999999527e-01,5.187000000000000499e-01,-2.519000000000000128e-01,-3.580999999999999739e-01
1.304200000000000026e+00,2.872999999999999998e-01,1.461999999999999966e+00,7.368000000000000105e-01,5.167000000000000481e-01,-2.508000000000000229e-01,-3.568000000000000060e-01
1.302499999999999991e+00,2.837000000000000077e-01,1.461000000000000076e+00,7.390999999999999792e-01,5.145999999999999464e-01,-2.500000000000000000e-01,-3.554999999999999827e-01
1.301299999999999901e+00,2.795000000000000262e-01,1.459600000000000009e+00,7.427000000000000268e-01,5.103999999999999648e-01,-2.497999999999999943e-01,-3.541000000000000258e-01
1.299700000000000077e+00,2.757999999999999896e-01,1.458800000000000097e+00,7.450999999999999845e-01,5.069000000000000172e-01,-2.497999999999999943e-01,-3.542000000000000148e-01
1.298200000000000021e+00,2.718999999999999750e-01,1.458099999999999952e+00,7.476000000000000423e-01,5.041999999999999815e-01,-2.497999999999999943e-01,-3.527000000000000135e-01
1.296599999999999975e+00,2.679000000000000270e-01,1.457400000000000029e+00,7.500000000000000000e-01,5.011999999999999789e-01,-2.501999999999999780e-01,-3.517000000000000126e-01
1.294899999999999940e+00,2.640000000000000124e-01,1.456800000000000095e+00,7.520000000000000018e-01,4.989000000000000101e-01,-2.506999999999999784e-01,-3.503000000000000003e-01
1.293099999999999916e+00,2.600999999999999979e-01,1.455899999999999972e+00,7.539000000000000146e-01,4.970999999999999863e-01,-2.510000000000000009e-01,-3.487000000000000099e-01
1.291199999999999903e+00,2.561999999999999833e-01,1.455500000000000016e+00,7.566000000000000503e-01,4.959000000000000075e-01,-2.499000000000000110e-01,-3.452000000000000068e-01
1.289600000000000080e+00,2.525000000000000022e-01,1.455100000000000060e+00,7.590999999999999970e-01,4.950999999999999845e-01,-2.477999999999999925e-01,-3.422999999999999932e-01
1.288000000000000034e+00,2.484000000000000097e-01,1.454499999999999904e+00,7.622999999999999776e-01,4.934000000000000052e-01,-2.451000000000000123e-01,-3.396000000000000130e-01
1.285900000000000043e+00,2.446000000000000119e-01,1.453999999999999959e+00,7.651999999999999913e-01,4.904000000000000026e-01,-2.439999999999999947e-01,-3.383999999999999786e-01
1.284000000000000030e+00,2.409000000000000030e-01,1.453699999999999992e+00,7.681000000000000050e-01,4.874999999999999889e-01,-2.421000000000000096e-01,-3.372999999999999887e-01
1.282299999999999995e+00,2.368999999999999995e-01,1.453600000000000003e+00,7.717000000000000526e-01,4.844999999999999862e-01,-2.396999999999999964e-01,-3.351000000000000090e-01
1.280299999999999994e+00,2.328999999999999959e-01,1.453699999999999992e+00,7.748000000000000442e-01,4.808999999999999941e-01,-2.384000000000000008e-01,-3.341000000000000081e-01
1.278499999999999970e+00,2.288999999999999924e-01,1.453899999999999970e+00,7.771000000000000130e-01,4.781000000000000250e-01,-2.373999999999999999e-01,-3.333999999999999742e-01
1.276499999999999968e+00,2.247000000000000108e-01,1.453999999999999959e+00,7.798000000000000487e-01,4.753000000000000003e-01,-2.361000000000000043e-01,-3.320000000000000173e-01
1.274599999999999955e+00,2.205999999999999905e-01,1.454499999999999904e+00,7.822000000000000064e-01,4.731000000000000205e-01,-2.349999999999999867e-01,-3.302999999999999825e-01
1.272699999999999942e+00,2.162999999999999923e-01,1.455200000000000049e+00,7.844999999999999751e-01,4.704999999999999738e-01,-2.338000000000000078e-01,-3.295000000000000151e-01
1.270699999999999941e+00,2.121999999999999997e-01,1.455799999999999983e+00,7.858000000000000540e-01,4.681000000000000161e-01,-2.336999999999999911e-01,-3.297999999999999821e-01
1.268399999999999972e+00,2.079000000000000015e-01,1.456499999999999906e+00,7.877999999999999448e-01,4.655000000000000249e-01,-2.335000000000000131e-01,-3.289000000000000257e-01
1.266199999999999992e+00,2.034999999999999865e-01,1.457100000000000062e+00,7.897999999999999465e-01,4.628999999999999782e-01,-2.331999999999999906e-01,-3.281000000000000028e-01
1.263800000000000034e+00,1.991999999999999882e-01,1.457699999999999996e+00,7.923000000000000043e-01,4.592999999999999861e-01,-2.328999999999999959e-01,-3.272999999999999798e-01
1.261400000000000077e+00,1.948000000000000009e-01,1.458599999999999897e+00,7.946999999999999620e-01,4.560000000000000164e-01,-2.326000000000000012e-01,-3.261999999999999900e-01
1.258899999999999908e+00,1.902000000000000079e-01,1.459600000000000009e+00,7.975999999999999757e-01,4.525000000000000133e-01,-2.321000000000000008e-01,-3.244000000000000217e-01
1.256299999999999972e+00,1.857000000000000040e-01,1.460700000000000109e+00,7.993999999999999995e-01,4.485000000000000098e-01,-2.326000000000000012e-01,-3.250000000000000111e-01
1.253600000000000048e+00,1.809999999999999942e-01,1.461999999999999966e+00,8.014000000000000012e-01,4.450999999999999956e-01,-2.330000000000000127e-01,-3.245000000000000107e-01
1.250999999999999890e+00,1.761999999999999955e-01,1.463300000000000045e+00,8.032000000000000250e-01,4.421999999999999820e-01,-2.338000000000000078e-01,-3.235000000000000098e-01
1.248099999999999987e+00,1.713999999999999968e-01,1.464800000000000102e+00,8.045999999999999819e-01,4.385000000000000009e-01,-2.354999999999999871e-01,-3.239000000000000212e-01
1.245100000000000096e+00,1.665999999999999981e-01,1.466299999999999937e+00,8.061000000000000387e-01,4.349999999999999978e-01,-2.376000000000000056e-01,-3.234000000000000208e-01
1.242099999999999982e+00,1.613999999999999879e-01,1.467799999999999994e+00,8.080000000000000515e-01,4.312000000000000277e-01,-2.396000000000000074e-01,-3.220999999999999974e-01
1.239500000000000046e+00,1.562999999999999945e-01,1.469700000000000006e+00,8.106999999999999762e-01,4.285999999999999810e-01,-2.389000000000000012e-01,-3.191999999999999837e-01
1.236199999999999966e+00,1.512999999999999901e-01,1.471600000000000019e+00,8.125000000000000000e-01,4.248999999999999999e-01,-2.404000000000000026e-01,-3.186999999999999833e-01
1.232900000000000107e+00,1.461999999999999966e-01,1.473400000000000043e+00,8.151000000000000467e-01,4.209999999999999853e-01,-2.406999999999999973e-01,-3.169000000000000150e-01
1.229600000000000026e+00,1.411999999999999922e-01,1.475400000000000045e+00,8.177999999999999714e-01,4.174999999999999822e-01,-2.407999999999999863e-01,-3.145999999999999908e-01
1.226199999999999957e+00,1.363000000000000045e-01,1.477500000000000036e+00,8.196999999999999842e-01,4.138999999999999901e-01,-2.411000000000000087e-01,-3.141999999999999793e-01
1.222699999999999898e+00,1.310999999999999943e-01,1.479600000000000026e+00,8.214000000000000190e-01,4.107999999999999985e-01,-2.409999999999999920e-01,-3.136999999999999789e-01
1.219300000000000050e+00,1.262000000000000066e-01,1.481899999999999995e+00,8.225999999999999979e-01,4.081000000000000183e-01,-2.406000000000000083e-01,-3.145999999999999908e-01
1.215600000000000014e+00,1.213000000000000050e-01,1.484399999999999942e+00,8.226999999999999869e-01,4.056000000000000161e-01,-2.412999999999999867e-01,-3.169000000000000150e-01
1.212299999999999933e+00,1.161999999999999977e-01,1.486900000000000110e+00,8.228999999999999648e-01,4.046000000000000152e-01,-2.409999999999999920e-01,-3.178000000000000269e-01
1.208599999999999897e+00,1.111999999999999933e-01,1.489500000000000046e+00,8.226999999999999869e-01,4.037000000000000033e-01,-2.406999999999999973e-01,-3.197999999999999732e-01
1.205100000000000060e+00,1.062000000000000027e-01,1.492099999999999982e+00,8.224000000000000199e-01,4.031000000000000139e-01,-2.406000000000000083e-01,-3.212999999999999745e-01
1.201699999999999990e+00,1.010999999999999954e-01,1.494799999999999907e+00,8.225999999999999979e-01,4.036000000000000143e-01,-2.391000000000000070e-01,-3.215000000000000080e-01
1.198399999999999910e+00,9.619999999999999385e-02,1.497600000000000042e+00,8.223000000000000309e-01,4.041000000000000147e-01,-2.379000000000000004e-01,-3.225999999999999979e-01
1.194900000000000073e+00,9.130000000000000615e-02,1.500499999999999945e+00,8.219999999999999529e-01,4.047999999999999932e-01,-2.363000000000000100e-01,-3.234000000000000208e-01
1.191400000000000015e+00,8.659999999999999643e-02,1.503500000000000059e+00,8.216999999999999860e-01,4.055000000000000271e-01,-2.344999999999999862e-01,-3.245999999999999996e-01
1.188099999999999934e+00,8.179999999999999771e-02,1.506499999999999950e+00,8.216999999999999860e-01,4.057000000000000051e-01,-2.323999999999999955e-01,-3.257999999999999785e-01
1.184800000000000075e+00,7.729999999999999372e-02,1.509700000000000042e+00,8.215999999999999970e-01,4.066000000000000170e-01,-2.300999999999999990e-01,-3.266999999999999904e-01
1.181599999999999984e+00,7.280000000000000360e-02,1.512899999999999912e+00,8.216999999999999860e-01,4.068999999999999839e-01,-2.280999999999999972e-01,-3.274000000000000243e-01
1.178099999999999925e+00,6.840000000000000246e-02,1.516100000000000003e+00,8.221000000000000529e-01,4.062999999999999945e-01,-2.260000000000000064e-01,-3.286000000000000032e-01
1.174800000000000066e+00,6.410000000000000420e-02,1.519400000000000084e+00,8.226999999999999869e-01,4.060000000000000275e-01,-2.238999999999999879e-01,-3.291000000000000036e-01
1.171399999999999997e+00,6.019999999999999657e-02,1.522699999999999942e+00,8.218999999999999639e-01,4.048999999999999821e-01,-2.240000000000000047e-01,-3.321999999999999953e-01
1.168400000000000105e+00,5.589999999999999830e-02,1.526299999999999990e+00,8.224000000000000199e-01,4.038999999999999813e-01,-2.220999999999999919e-01,-3.333999999999999742e-01
1.165300000000000002e+00,5.170000000000000290e-02,1.529800000000000049e+00,8.226999999999999869e-01,4.032999999999999918e-01,-2.209000000000000130e-01,-3.342999999999999861e-01
1.162400000000000100e+00,4.769999999999999934e-02,1.533300000000000107e+00,8.225000000000000089e-01,4.027000000000000024e-01,-2.205000000000000016e-01,-3.356999999999999984e-01
1.159599999999999964e+00,4.349999999999999700e-02,1.536999999999999922e+00,8.227999999999999758e-01,4.023999999999999799e-01,-2.192000000000000060e-01,-3.361999999999999988e-01
1.156600000000000072e+00,3.960000000000000325e-02,1.540599999999999969e+00,8.224000000000000199e-01,4.021000000000000130e-01,-2.189000000000000112e-01,-3.377999999999999892e-01
1.153699999999999948e+00,3.540000000000000091e-02,1.544000000000000039e+00,8.228999999999999648e-01,4.022000000000000020e-01,-2.174999999999999989e-01,-3.372999999999999887e-01
1.150800000000000045e+00,3.160000000000000309e-02,1.547600000000000087e+00,8.227999999999999758e-01,4.020000000000000240e-01,-2.174000000000000099e-01,-3.378999999999999782e-01
1.148400000000000087e+00,2.759999999999999953e-02,1.551299999999999901e+00,8.235999999999999988e-01,4.025000000000000244e-01,-2.147999999999999909e-01,-3.367999999999999883e-01
1.145599999999999952e+00,2.400000000000000050e-02,1.554899999999999949e+00,8.231000000000000538e-01,4.017000000000000015e-01,-2.147000000000000020e-01,-3.391000000000000125e-01
1.142800000000000038e+00,2.040000000000000147e-02,1.558300000000000018e+00,8.236999999999999877e-01,4.018999999999999795e-01,-2.132999999999999896e-01,-3.382999999999999896e-01
1.139899999999999913e+00,1.660000000000000017e-02,1.561700000000000088e+00,8.239999999999999547e-01,4.011000000000000121e-01,-2.124999999999999944e-01,-3.391000000000000125e-01
1.137299999999999978e+00,1.329999999999999932e-02,1.565099999999999936e+00,8.244000000000000217e-01,4.007999999999999896e-01,-2.111000000000000099e-01,-3.393999999999999795e-01
1.134700000000000042e+00,9.700000000000000289e-03,1.568400000000000016e+00,8.253000000000000336e-01,4.005000000000000226e-01,-2.093000000000000138e-01,-3.387000000000000011e-01
1.131699999999999928e+00,6.400000000000000307e-03,1.571499999999999897e+00,8.252000000000000446e-01,4.002000000000000002e-01,-2.086000000000000076e-01,-3.397999999999999909e-01
1.129099999999999993e+00,3.000000000000000062e-03,1.574899999999999967e+00,8.256000000000000005e-01,4.002999999999999892e-01,-2.066000000000000059e-01,-3.397000000000000020e-01
1.126400000000000068e+00,-4.000000000000000192e-04,1.578000000000000069e+00,8.257999999999999785e-01,4.002999999999999892e-01,-2.053000000000000103e-01,-3.401000000000000134e-01
1.123699999999999921e+00,-3.799999999999999992e-03,1.581099999999999950e+00,8.258999999999999675e-01,4.003999999999999782e-01,-2.036999999999999922e-01,-3.407999999999999918e-01
1.120700000000000029e+00,-7.000000000000000146e-03,1.584000000000000075e+00,8.256999999999999895e-01,4.003999999999999782e-01,-2.026000000000000023e-01,-3.417999999999999927e-01
1.118100000000000094e+00,-1.020000000000000073e-02,1.586999999999999966e+00,8.264000000000000234e-01,4.010000000000000231e-01,-1.998999999999999944e-01,-3.410000000000000253e-01
1.115199999999999969e+00,-1.340000000000000045e-02,1.589699999999999891e+00,8.267999999999999794e-01,4.007000000000000006e-01,-1.985000000000000098e-01,-3.411000000000000143e-01
1.112500000000000044e+00,-1.640000000000000138e-02,1.592400000000000038e+00,8.273000000000000353e-01,4.010000000000000231e-01,-1.963999999999999913e-01,-3.410000000000000253e-01
1.109599999999999920e+00,-1.949999999999999997e-02,1.595099999999999962e+00,8.282000000000000473e-01,4.008999999999999786e-01,-1.932999999999999996e-01,-3.406000000000000139e-01
1.106700000000000017e+00,-2.249999999999999917e-02,1.597599999999999909e+00,8.286000000000000032e-01,4.012999999999999901e-01,-1.913999999999999868e-01,-3.401000000000000134e-01
1.103799999999999892e+00,-2.529999999999999957e-02,1.600000000000000089e+00,8.294000000000000261e-01,4.017999999999999905e-01,-1.882000000000000062e-01,-3.393999999999999795e-01
1.100899999999999990e+00,-2.829999999999999877e-02,1.602400000000000047e+00,8.305000000000000160e-01,4.031000000000000139e-01,-1.842000000000000026e-01,-3.372999999999999887e-01
1.097800000000000109e+00,-3.130000000000000143e-02,1.604600000000000026e+00,8.312000000000000499e-01,4.046000000000000152e-01,-1.806999999999999995e-01,-3.356999999999999984e-01
1.094899999999999984e+00,-3.400000000000000244e-02,1.606999999999999984e+00,8.317999999999999838e-01,4.066000000000000170e-01,-1.769999999999999907e-01,-3.337999999999999856e-01
1.091699999999999893e+00,-3.679999999999999938e-02,1.609099999999999975e+00,8.318999999999999728e-01,4.082999999999999963e-01,-1.743000000000000105e-01,-3.327999999999999847e-01
1.088799999999999990e+00,-3.939999999999999752e-02,1.611499999999999932e+00,8.324000000000000288e-01,4.102000000000000091e-01,-1.711999999999999911e-01,-3.310000000000000164e-01
1.085800000000000098e+00,-4.220000000000000140e-02,1.613599999999999923e+00,8.328999999999999737e-01,4.112000000000000099e-01,-1.685999999999999999e-01,-3.297999999999999821e-01
1.082600000000000007e+00,-4.469999999999999668e-02,1.615899999999999892e+00,8.330999999999999517e-01,4.118999999999999884e-01,-1.660000000000000087e-01,-3.296999999999999931e-01
1.079499999999999904e+00,-4.710000000000000298e-02,1.617899999999999894e+00,8.335000000000000187e-01,4.116000000000000214e-01,-1.645999999999999963e-01,-3.296999999999999931e-01
1.076300000000000034e+00,-4.950000000000000233e-02,1.619899999999999896e+00,8.336999999999999966e-01,4.116000000000000214e-01,-1.630000000000000060e-01,-3.300000000000000155e-01
1.073099999999999943e+00,-5.170000000000000290e-02,1.622100000000000097e+00,8.337999999999999856e-01,4.114999999999999769e-01,-1.615000000000000047e-01,-3.306000000000000050e-01
1.069900000000000073e+00,-5.399999999999999939e-02,1.624100000000000099e+00,8.342000000000000526e-01,4.111000000000000210e-01,-1.598999999999999866e-01,-3.310000000000000164e-01
1.066599999999999993e+00,-5.609999999999999709e-02,1.626100000000000101e+00,8.346999999999999975e-01,4.103999999999999870e-01,-1.582999999999999963e-01,-3.311999999999999944e-01
1.063499999999999890e+00,-5.820000000000000173e-02,1.627999999999999892e+00,8.356000000000000094e-01,4.097000000000000086e-01,-1.560999999999999888e-01,-3.309000000000000274e-01
1.060000000000000053e+00,-6.010000000000000064e-02,1.629699999999999926e+00,8.356999999999999984e-01,4.088999999999999857e-01,-1.547000000000000042e-01,-3.323999999999999733e-01
1.056999999999999940e+00,-6.189999999999999669e-02,1.631899999999999906e+00,8.362000000000000544e-01,4.076000000000000179e-01,-1.526000000000000134e-01,-3.336000000000000076e-01
1.053800000000000070e+00,-6.379999999999999560e-02,1.633799999999999919e+00,8.366000000000000103e-01,4.062000000000000055e-01,-1.506000000000000116e-01,-3.351999999999999980e-01
1.050499999999999989e+00,-6.539999999999999980e-02,1.635499999999999954e+00,8.365000000000000213e-01,4.040000000000000258e-01,-1.496999999999999997e-01,-3.386000000000000121e-01
1.047199999999999909e+00,-6.700000000000000400e-02,1.637299999999999978e+00,8.367999999999999883e-01,4.021000000000000130e-01,-1.474999999999999922e-01,-3.410000000000000253e-01
1.043700000000000072e+00,-6.829999999999999960e-02,1.638700000000000045e+00,8.370999999999999552e-01,3.998999999999999777e-01,-1.459000000000000019e-01,-3.435000000000000275e-01
1.040399999999999991e+00,-6.980000000000000093e-02,1.640099999999999891e+00,8.385000000000000231e-01,3.980000000000000204e-01,-1.431000000000000050e-01,-3.435000000000000275e-01
1.036899999999999933e+00,-7.130000000000000226e-02,1.641299999999999981e+00,8.397000000000000020e-01,3.958999999999999742e-01,-1.401000000000000023e-01,-3.443999999999999839e-01
1.033500000000000085e+00,-7.259999999999999787e-02,1.642400000000000082e+00,8.408999999999999808e-01,3.940000000000000169e-01,-1.368999999999999939e-01,-3.447999999999999954e-01
1.029700000000000060e+00,-7.380000000000000449e-02,1.643399999999999972e+00,8.418999999999999817e-01,3.921999999999999931e-01,-1.342000000000000137e-01,-3.456000000000000183e-01
1.026200000000000001e+00,-7.499999999999999722e-02,1.644400000000000084e+00,8.430999999999999606e-01,3.904000000000000248e-01,-1.305999999999999939e-01,-3.459999999999999742e-01
1.022599999999999953e+00,-7.599999999999999811e-02,1.645499999999999963e+00,8.437999999999999945e-01,3.884000000000000230e-01,-1.282000000000000084e-01,-3.474999999999999756e-01
1.018999999999999906e+00,-7.689999999999999614e-02,1.646400000000000086e+00,8.446000000000000174e-01,3.857999999999999763e-01,-1.255999999999999894e-01,-3.492999999999999994e-01
1.015400000000000080e+00,-7.789999999999999702e-02,1.647199999999999998e+00,8.450999999999999623e-01,3.835999999999999965e-01,-1.237000000000000044e-01,-3.512000000000000122e-01
1.011700000000000044e+00,-7.889999999999999791e-02,1.647999999999999909e+00,8.457999999999999963e-01,3.806999999999999829e-01,-1.222000000000000031e-01,-3.532000000000000139e-01
1.008000000000000007e+00,-7.989999999999999880e-02,1.648600000000000065e+00,8.468999999999999861e-01,3.776999999999999802e-01,-1.203999999999999931e-01,-3.543999999999999928e-01
1.004199999999999982e+00,-8.089999999999999969e-02,1.649199999999999999e+00,8.477999999999999980e-01,3.744999999999999996e-01,-1.184999999999999942e-01,-3.563999999999999946e-01
1.000399999999999956e+00,-8.169999999999999485e-02,1.649699999999999944e+00,8.486000000000000210e-01,3.711999999999999744e-01,-1.160000000000000059e-01,-3.587000000000000188e-01
9.963999999999999524e-01,-8.219999999999999529e-02,1.649899999999999922e+00,8.486000000000000210e-01,3.679000000000000048e-01,-1.150999999999999940e-01,-3.623000000000000109e-01
9.925000000000000488e-01,-8.290000000000000147e-02,1.649999999999999911e+00,8.494000000000000439e-01,3.649000000000000021e-01,-1.125000000000000028e-01,-3.644000000000000017e-01
9.883999999999999453e-01,-8.359999999999999376e-02,1.649999999999999911e+00,8.502999999999999448e-01,3.622000000000000219e-01,-1.096000000000000030e-01,-3.657000000000000250e-01
9.846000000000000307e-01,-8.429999999999999993e-02,1.649699999999999944e+00,8.517000000000000126e-01,3.597000000000000197e-01,-1.058000000000000052e-01,-3.659999999999999920e-01
9.807000000000000162e-01,-8.500000000000000611e-02,1.649499999999999966e+00,8.527000000000000135e-01,3.577000000000000179e-01,-1.026999999999999996e-01,-3.665999999999999814e-01
9.767000000000000126e-01,-8.559999999999999554e-02,1.649100000000000010e+00,8.534000000000000474e-01,3.551000000000000267e-01,-1.003000000000000003e-01,-3.682000000000000273e-01
9.727000000000000091e-01,-8.630000000000000171e-02,1.648800000000000043e+00,8.538999999999999924e-01,3.526000000000000245e-01,-9.729999999999999760e-02,-3.700999999999999845e-01
9.685000000000000275e-01,-8.680000000000000215e-02,1.648400000000000087e+00,8.538000000000000034e-01,3.498999999999999888e-01,-9.569999999999999341e-02,-3.733000000000000207e-01
9.641999999999999460e-01,-8.749999999999999445e-02,1.647799999999999931e+00,8.540999999999999703e-01,3.469999999999999751e-01,-9.410000000000000309e-02,-3.759000000000000119e-01
9.598999999999999755e-01,-8.820000000000000062e-02,1.647000000000000020e+00,8.546000000000000263e-01,3.438999999999999835e-01,-9.260000000000000175e-02,-3.780000000000000027e-01
9.555000000000000160e-01,-8.880000000000000393e-02,1.645899999999999919e+00,8.548999999999999932e-01,3.415000000000000258e-01,-9.160000000000000087e-02,-3.796999999999999820e-01
9.512000000000000455e-01,-8.949999999999999623e-02,1.644700000000000051e+00,8.559999999999999831e-01,3.393999999999999795e-01,-9.020000000000000240e-02,-3.793000000000000260e-01
9.466999999999999860e-01,-9.009999999999999953e-02,1.643100000000000005e+00,8.568999999999999950e-01,3.377000000000000002e-01,-8.949999999999999623e-02,-3.790000000000000036e-01
9.422000000000000375e-01,-9.089999999999999469e-02,1.641599999999999948e+00,8.586000000000000298e-01,3.366999999999999993e-01,-8.870000000000000107e-02,-3.763000000000000234e-01
9.376999999999999780e-01,-9.160000000000000087e-02,1.639799999999999924e+00,8.598999999999999977e-01,3.355000000000000204e-01,-8.849999999999999534e-02,-3.743000000000000216e-01
9.330000000000000515e-01,-9.220000000000000417e-02,1.637899999999999912e+00,8.611999999999999655e-01,3.338999999999999746e-01,-8.840000000000000635e-02,-3.729000000000000092e-01
9.283000000000000140e-01,-9.270000000000000462e-02,1.635899999999999910e+00,8.626000000000000334e-01,3.330000000000000182e-01,-8.870000000000000107e-02,-3.704000000000000070e-01
9.234999999999999876e-01,-9.329999999999999405e-02,1.633999999999999897e+00,8.636000000000000343e-01,3.315000000000000169e-01,-8.899999999999999578e-02,-3.693000000000000171e-01
9.189000000000000501e-01,-9.379999999999999449e-02,1.631899999999999906e+00,8.646000000000000352e-01,3.302999999999999825e-01,-8.959999999999999909e-02,-3.679999999999999938e-01
9.142000000000000126e-01,-9.429999999999999494e-02,1.629799999999999915e+00,8.659000000000000030e-01,3.287999999999999812e-01,-8.980000000000000482e-02,-3.660999999999999810e-01
9.094999999999999751e-01,-9.489999999999999825e-02,1.627799999999999914e+00,8.670999999999999819e-01,3.274000000000000243e-01,-8.980000000000000482e-02,-3.644999999999999907e-01
9.048000000000000487e-01,-9.550000000000000155e-02,1.625699999999999923e+00,8.677000000000000268e-01,3.261999999999999900e-01,-8.970000000000000195e-02,-3.640999999999999792e-01
9.001000000000000112e-01,-9.610000000000000486e-02,1.623699999999999921e+00,8.682999999999999607e-01,3.240000000000000102e-01,-8.970000000000000195e-02,-3.648000000000000131e-01
8.952999999999999847e-01,-9.650000000000000244e-02,1.621599999999999930e+00,8.685000000000000497e-01,3.217999999999999750e-01,-8.959999999999999909e-02,-3.660999999999999810e-01
8.908000000000000362e-01,-9.719999999999999474e-02,1.619499999999999940e+00,8.693999999999999506e-01,3.195000000000000062e-01,-8.880000000000000393e-02,-3.662000000000000255e-01
8.860000000000000098e-01,-9.760000000000000620e-02,1.617099999999999982e+00,8.701999999999999735e-01,3.170000000000000040e-01,-8.830000000000000349e-02,-3.665999999999999814e-01
8.813999999999999613e-01,-9.790000000000000091e-02,1.614600000000000035e+00,8.717000000000000304e-01,3.146999999999999797e-01,-8.659999999999999643e-02,-3.654000000000000026e-01
8.768000000000000238e-01,-9.840000000000000135e-02,1.611900000000000110e+00,8.740999999999999881e-01,3.125999999999999890e-01,-8.429999999999999993e-02,-3.619999999999999885e-01
8.721999999999999753e-01,-9.879999999999999893e-02,1.609199999999999964e+00,8.769000000000000128e-01,3.106999999999999762e-01,-8.169999999999999485e-02,-3.574999999999999845e-01
8.677000000000000268e-01,-9.900000000000000466e-02,1.606500000000000039e+00,8.798000000000000265e-01,3.089000000000000079e-01,-7.910000000000000364e-02,-3.526000000000000245e-01
8.632999999999999563e-01,-9.929999999999999938e-02,1.603699999999999903e+00,8.818000000000000282e-01,3.069999999999999951e-01,-7.670000000000000429e-02,-3.496000000000000218e-01
8.588999999999999968e-01,-9.979999999999999982e-02,1.601099999999999968e+00,8.838000000000000300e-01,3.049000000000000044e-01,-7.480000000000000537e-02,-3.469999999999999751e-01
8.547000000000000153e-01,-1.001999999999999974e-01,1.598700000000000010e+00,8.852999999999999758e-01,3.024000000000000021e-01,-7.330000000000000404e-02,-3.454999999999999738e-01
8.501999999999999558e-01,-1.005000000000000060e-01,1.596200000000000063e+00,8.858000000000000318e-01,2.993000000000000105e-01,-7.340000000000000691e-02,-3.468999999999999861e-01
8.460999999999999632e-01,-1.008000000000000007e-01,1.593900000000000095e+00,8.861999999999999877e-01,2.964999999999999858e-01,-7.380000000000000449e-02,-3.482000000000000095e-01
8.417999999999999927e-01,-1.011999999999999983e-01,1.591399999999999926e+00,8.866000000000000547e-01,2.933000000000000052e-01,-7.439999999999999392e-02,-3.497000000000000108e-01
8.378999999999999782e-01,-1.014000000000000040e-01,1.588999999999999968e+00,8.875999999999999446e-01,2.906000000000000250e-01,-7.459999999999999964e-02,-3.496000000000000218e-01
8.335000000000000187e-01,-1.020999999999999963e-01,1.586200000000000054e+00,8.890000000000000124e-01,2.879999999999999782e-01,-7.520000000000000295e-02,-3.481000000000000205e-01
8.296999999999999931e-01,-1.024000000000000049e-01,1.583299999999999930e+00,8.907000000000000473e-01,2.852000000000000091e-01,-7.510000000000000009e-02,-3.458999999999999853e-01
8.255000000000000115e-01,-1.029999999999999943e-01,1.580500000000000016e+00,8.924999999999999600e-01,2.831000000000000183e-01,-7.549999999999999767e-02,-3.427999999999999936e-01
8.215000000000000080e-01,-1.034000000000000058e-01,1.577800000000000091e+00,8.941999999999999948e-01,2.817000000000000060e-01,-7.570000000000000340e-02,-3.397000000000000020e-01
8.174000000000000155e-01,-1.038000000000000034e-01,1.574999999999999956e+00,8.948000000000000398e-01,2.802999999999999936e-01,-7.729999999999999372e-02,-3.387000000000000011e-01
8.132000000000000339e-01,-1.042000000000000010e-01,1.572400000000000020e+00,8.951999999999999957e-01,2.793999999999999817e-01,-7.929999999999999549e-02,-3.380000000000000226e-01
8.088999999999999524e-01,-1.047000000000000014e-01,1.569800000000000084e+00,8.951000000000000068e-01,2.778999999999999804e-01,-8.229999999999999816e-02,-3.387999999999999901e-01
8.046999999999999709e-01,-1.053000000000000047e-01,1.567299999999999915e+00,8.948000000000000398e-01,2.767000000000000015e-01,-8.559999999999999554e-02,-3.397000000000000020e-01
8.007999999999999563e-01,-1.055999999999999994e-01,1.564300000000000024e+00,8.943999999999999728e-01,2.752000000000000002e-01,-8.830000000000000349e-02,-3.413999999999999813e-01
7.963999999999999968e-01,-1.059999999999999970e-01,1.561800000000000077e+00,8.947000000000000508e-01,2.736000000000000099e-01,-9.070000000000000284e-02,-3.411000000000000143e-01
7.922000000000000153e-01,-1.064999999999999974e-01,1.558999999999999941e+00,8.954999999999999627e-01,2.715000000000000191e-01,-9.279999999999999361e-02,-3.402000000000000024e-01
7.882000000000000117e-01,-1.069999999999999979e-01,1.556100000000000039e+00,8.969000000000000306e-01,2.691999999999999948e-01,-9.349999999999999978e-02,-3.382000000000000006e-01
7.841000000000000192e-01,-1.073999999999999955e-01,1.552999999999999936e+00,8.983999999999999764e-01,2.667999999999999816e-01,-9.379999999999999449e-02,-3.361000000000000099e-01
7.802999999999999936e-01,-1.078999999999999959e-01,1.550000000000000044e+00,8.998000000000000442e-01,2.646999999999999909e-01,-9.379999999999999449e-02,-3.337999999999999856e-01
7.762000000000000011e-01,-1.083999999999999964e-01,1.546899999999999942e+00,9.011000000000000121e-01,2.626999999999999891e-01,-9.370000000000000551e-02,-3.318999999999999728e-01
7.721000000000000085e-01,-1.088999999999999968e-01,1.544000000000000039e+00,9.021000000000000130e-01,2.606999999999999873e-01,-9.279999999999999361e-02,-3.311000000000000054e-01
7.681000000000000050e-01,-1.095000000000000001e-01,1.541099999999999914e+00,9.028000000000000469e-01,2.589000000000000190e-01,-9.270000000000000462e-02,-3.306000000000000050e-01
7.641000000000000014e-01,-1.101000000000000034e-01,1.538200000000000012e+00,9.032999999999999918e-01,2.575000000000000067e-01,-9.199999999999999845e-02,-3.305000000000000160e-01
7.601999999999999869e-01,-1.107999999999999957e-01,1.535600000000000076e+00,9.040000000000000258e-01,2.556999999999999829e-01,-9.130000000000000615e-02,-3.301999999999999935e-01
7.562999999999999723e-01,-1.113999999999999990e-01,1.533099999999999907e+00,9.041000000000000147e-01,2.536999999999999811e-01,-9.049999999999999711e-02,-3.316000000000000059e-01
7.523999999999999577e-01,-1.121000000000000052e-01,1.530499999999999972e+00,9.040000000000000258e-01,2.513000000000000234e-01,-9.020000000000000240e-02,-3.340000000000000191e-01
7.482999999999999652e-01,-1.127999999999999975e-01,1.527900000000000036e+00,9.039000000000000368e-01,2.480999999999999872e-01,-8.930000000000000437e-02,-3.366999999999999993e-01
7.447000000000000286e-01,-1.136000000000000065e-01,1.525300000000000100e+00,9.044999999999999707e-01,2.454999999999999960e-01,-8.840000000000000635e-02,-3.373999999999999777e-01
7.408000000000000140e-01,-1.145000000000000046e-01,1.522699999999999942e+00,9.052000000000000046e-01,2.426999999999999991e-01,-8.709999999999999687e-02,-3.380000000000000226e-01
7.368999999999999995e-01,-1.155000000000000054e-01,1.519900000000000029e+00,9.062999999999999945e-01,2.406000000000000083e-01,-8.580000000000000127e-02,-3.366999999999999993e-01
7.331999999999999629e-01,-1.165000000000000063e-01,1.517400000000000082e+00,9.074999999999999734e-01,2.388000000000000123e-01,-8.350000000000000477e-02,-3.351999999999999980e-01
7.291999999999999593e-01,-1.176999999999999991e-01,1.514699999999999935e+00,9.086999999999999522e-01,2.376000000000000056e-01,-8.210000000000000631e-02,-3.331999999999999962e-01
7.258000000000000007e-01,-1.188000000000000028e-01,1.512399999999999967e+00,9.099000000000000421e-01,2.373000000000000109e-01,-8.010000000000000453e-02,-3.307999999999999829e-01
7.217000000000000082e-01,-1.202000000000000013e-01,1.510099999999999998e+00,9.106999999999999540e-01,2.363000000000000100e-01,-7.879999999999999505e-02,-3.294000000000000261e-01
7.179999999999999716e-01,-1.218000000000000055e-01,1.508099999999999996e+00,9.116999999999999549e-01,2.363000000000000100e-01,-7.729999999999999372e-02,-3.270000000000000129e-01
7.144000000000000350e-01,-1.228999999999999954e-01,1.506199999999999983e+00,9.116999999999999549e-01,2.346999999999999920e-01,-7.620000000000000384e-02,-3.285000000000000142e-01
7.106999999999999984e-01,-1.242999999999999938e-01,1.504599999999999937e+00,9.119000000000000439e-01,2.326999999999999902e-01,-7.520000000000000295e-02,-3.296000000000000041e-01
7.070999999999999508e-01,-1.257000000000000062e-01,1.502999999999999892e+00,9.123999999999999888e-01,2.305999999999999994e-01,-7.420000000000000207e-02,-3.297999999999999821e-01
7.034000000000000252e-01,-1.272000000000000075e-01,1.501500000000000057e+00,9.131000000000000227e-01,2.277000000000000135e-01,-7.330000000000000404e-02,-3.300000000000000155e-01
7.000999999999999446e-01,-1.287999999999999978e-01,1.500099999999999989e+00,9.143999999999999906e-01,2.258999999999999897e-01,-7.159999999999999698e-02,-3.281000000000000028e-01
6.965999999999999970e-01,-1.305000000000000049e-01,1.498799999999999910e+00,9.157999999999999474e-01,2.235999999999999932e-01,-7.019999999999999851e-02,-3.261000000000000010e-01
6.928999999999999604e-01,-1.322000000000000119e-01,1.497600000000000042e+00,9.171000000000000263e-01,2.217000000000000082e-01,-6.840000000000000246e-02,-3.242999999999999772e-01
6.895999999999999908e-01,-1.340999999999999970e-01,1.496699999999999919e+00,9.185999999999999721e-01,2.200999999999999901e-01,-6.629999999999999782e-02,-3.215000000000000080e-01
6.863000000000000211e-01,-1.360000000000000098e-01,1.495900000000000007e+00,9.196999999999999620e-01,2.185999999999999888e-01,-6.429999999999999605e-02,-3.197999999999999732e-01
6.827999999999999625e-01,-1.380000000000000115e-01,1.495600000000000041e+00,9.206999999999999629e-01,2.167999999999999927e-01,-6.270000000000000573e-02,-3.185000000000000053e-01
6.794999999999999929e-01,-1.398000000000000076e-01,1.495300000000000074e+00,9.211000000000000298e-01,2.154000000000000081e-01,-6.140000000000000319e-02,-3.185000000000000053e-01
6.761000000000000343e-01,-1.419999999999999873e-01,1.495300000000000074e+00,9.215999999999999748e-01,2.132999999999999896e-01,-5.949999999999999734e-02,-3.186999999999999833e-01
6.730000000000000426e-01,-1.441000000000000059e-01,1.495700000000000029e+00,9.220000000000000417e-01,2.111000000000000099e-01,-5.820000000000000173e-02,-3.192999999999999727e-01
6.695999999999999730e-01,-1.461999999999999966e-01,1.495999999999999996e+00,9.223000000000000087e-01,2.081000000000000072e-01,-5.670000000000000040e-02,-3.207999999999999741e-01
6.663000000000000034e-01,-1.484999999999999931e-01,1.496399999999999952e+00,9.226999999999999647e-01,2.053000000000000103e-01,-5.550000000000000072e-02,-3.214000000000000190e-01
6.629000000000000448e-01,-1.507000000000000006e-01,1.497000000000000108e+00,9.233000000000000096e-01,2.023000000000000076e-01,-5.439999999999999697e-02,-3.219000000000000195e-01
6.595999999999999641e-01,-1.531000000000000139e-01,1.497800000000000020e+00,9.237999999999999545e-01,1.995999999999999996e-01,-5.290000000000000258e-02,-3.222999999999999754e-01
6.562000000000000055e-01,-1.557999999999999940e-01,1.498699999999999921e+00,9.240000000000000435e-01,1.967000000000000137e-01,-5.210000000000000048e-02,-3.237999999999999767e-01
6.526999999999999469e-01,-1.580999999999999905e-01,1.499500000000000055e+00,9.243000000000000105e-01,1.943999999999999895e-01,-5.090000000000000080e-02,-3.244000000000000217e-01
6.495999999999999552e-01,-1.607000000000000095e-01,1.500399999999999956e+00,9.252000000000000224e-01,1.917000000000000093e-01,-4.889999999999999902e-02,-3.239000000000000212e-01
6.460000000000000187e-01,-1.633999999999999897e-01,1.501300000000000079e+00,9.258999999999999453e-01,1.895999999999999908e-01,-4.730000000000000177e-02,-3.234000000000000208e-01
6.424999999999999600e-01,-1.661999999999999866e-01,1.502299999999999969e+00,9.266999999999999682e-01,1.869999999999999996e-01,-4.540000000000000285e-02,-3.227999999999999758e-01
